/*--------------------------------*- C++ -*----------------------------------*\
| =========                 |                                                 |
| \\      /  F ield         | OpenFOAM: The Open Source CFD Toolbox           |
|  \\    /   O peration     | Version:  2412                                  |
|   \\  /    A nd           | Website:  www.openfoam.com                      |
|    \\/     M anipulation  |                                                 |
\*---------------------------------------------------------------------------*/
FoamFile
{
    version     2.0;
    format      ascii;
    arch        "LSB;label=32;scalar=64";
    note        "nPoints:18450  nCells:9000  nFaces:36225  nInternalFaces:17775";
    class       labelList;
    location    "constant/polyMesh";
    object      neighbour;
}
// * * * * * * * * * * * * * * * * * * * * * * * * * * * * * * * * * * * * * //


17775
(
1
30
3570
2
31
3571
3
32
3572
4
33
3573
5
34
3574
6
35
3575
7
36
3576
8
37
3577
9
38
3578
10
39
3579
11
40
3580
12
41
3581
13
42
3582
14
43
3583
15
44
3584
16
45
3585
17
46
3586
18
47
3587
19
48
3588
20
49
3589
21
50
3590
22
51
3591
23
52
3592
24
53
3593
25
54
3594
26
55
3595
27
56
3596
28
57
3597
29
58
3598
59
3599
4320
31
60
32
61
33
62
34
63
35
64
36
65
37
66
38
67
39
68
40
69
41
70
42
71
43
72
44
73
45
74
46
75
47
76
48
77
49
78
50
79
51
80
52
81
53
82
54
83
55
84
56
85
57
86
58
87
59
88
89
4321
61
90
62
91
63
92
64
93
65
94
66
95
67
96
68
97
69
98
70
99
71
100
72
101
73
102
74
103
75
104
76
105
77
106
78
107
79
108
80
109
81
110
82
111
83
112
84
113
85
114
86
115
87
116
88
117
89
118
119
4322
91
120
92
121
93
122
94
123
95
124
96
125
97
126
98
127
99
128
100
129
101
130
102
131
103
132
104
133
105
134
106
135
107
136
108
137
109
138
110
139
111
140
112
141
113
142
114
143
115
144
116
145
117
146
118
147
119
148
149
4323
121
150
122
151
123
152
124
153
125
154
126
155
127
156
128
157
129
158
130
159
131
160
132
161
133
162
134
163
135
164
136
165
137
166
138
167
139
168
140
169
141
170
142
171
143
172
144
173
145
174
146
175
147
176
148
177
149
178
179
4324
151
180
152
181
153
182
154
183
155
184
156
185
157
186
158
187
159
188
160
189
161
190
162
191
163
192
164
193
165
194
166
195
167
196
168
197
169
198
170
199
171
200
172
201
173
202
174
203
175
204
176
205
177
206
178
207
179
208
209
4325
181
210
182
211
183
212
184
213
185
214
186
215
187
216
188
217
189
218
190
219
191
220
192
221
193
222
194
223
195
224
196
225
197
226
198
227
199
228
200
229
201
230
202
231
203
232
204
233
205
234
206
235
207
236
208
237
209
238
239
4326
211
240
212
241
213
242
214
243
215
244
216
245
217
246
218
247
219
248
220
249
221
250
222
251
223
252
224
253
225
254
226
255
227
256
228
257
229
258
230
259
231
260
232
261
233
262
234
263
235
264
236
265
237
266
238
267
239
268
269
4327
241
270
242
271
243
272
244
273
245
274
246
275
247
276
248
277
249
278
250
279
251
280
252
281
253
282
254
283
255
284
256
285
257
286
258
287
259
288
260
289
261
290
262
291
263
292
264
293
265
294
266
295
267
296
268
297
269
298
299
4328
271
300
272
301
273
302
274
303
275
304
276
305
277
306
278
307
279
308
280
309
281
310
282
311
283
312
284
313
285
314
286
315
287
316
288
317
289
318
290
319
291
320
292
321
293
322
294
323
295
324
296
325
297
326
298
327
299
328
329
4329
301
330
302
331
303
332
304
333
305
334
306
335
307
336
308
337
309
338
310
339
311
340
312
341
313
342
314
343
315
344
316
345
317
346
318
347
319
348
320
349
321
350
322
351
323
352
324
353
325
354
326
355
327
356
328
357
329
358
359
4330
331
360
332
361
333
362
334
363
335
364
336
365
337
366
338
367
339
368
340
369
341
370
342
371
343
372
344
373
345
374
346
375
347
376
348
377
349
378
350
379
351
380
352
381
353
382
354
383
355
384
356
385
357
386
358
387
359
388
389
4331
361
390
362
391
363
392
364
393
365
394
366
395
367
396
368
397
369
398
370
399
371
400
372
401
373
402
374
403
375
404
376
405
377
406
378
407
379
408
380
409
381
410
382
411
383
412
384
413
385
414
386
415
387
416
388
417
389
418
419
4332
391
420
392
421
393
422
394
423
395
424
396
425
397
426
398
427
399
428
400
429
401
430
402
431
403
432
404
433
405
434
406
435
407
436
408
437
409
438
410
439
411
440
412
441
413
442
414
443
415
444
416
445
417
446
418
447
419
448
449
4333
421
450
422
451
423
452
424
453
425
454
426
455
427
456
428
457
429
458
430
459
431
460
432
461
433
462
434
463
435
464
436
465
437
466
438
467
439
468
440
469
441
470
442
471
443
472
444
473
445
474
446
475
447
476
448
477
449
478
479
4334
451
480
452
481
453
482
454
483
455
484
456
485
457
486
458
487
459
488
460
489
461
490
462
491
463
492
464
493
465
494
466
495
467
496
468
497
469
498
470
499
471
500
472
501
473
502
474
503
475
504
476
505
477
506
478
507
479
508
509
4335
481
510
482
511
483
512
484
513
485
514
486
515
487
516
488
517
489
518
490
519
491
520
492
521
493
522
494
523
495
524
496
525
497
526
498
527
499
528
500
529
501
530
502
531
503
532
504
533
505
534
506
535
507
536
508
537
509
538
539
4336
511
540
512
541
513
542
514
543
515
544
516
545
517
546
518
547
519
548
520
549
521
550
522
551
523
552
524
553
525
554
526
555
527
556
528
557
529
558
530
559
531
560
532
561
533
562
534
563
535
564
536
565
537
566
538
567
539
568
569
4337
541
570
542
571
543
572
544
573
545
574
546
575
547
576
548
577
549
578
550
579
551
580
552
581
553
582
554
583
555
584
556
585
557
586
558
587
559
588
560
589
561
590
562
591
563
592
564
593
565
594
566
595
567
596
568
597
569
598
599
4338
571
600
572
601
573
602
574
603
575
604
576
605
577
606
578
607
579
608
580
609
581
610
582
611
583
612
584
613
585
614
586
615
587
616
588
617
589
618
590
619
591
620
592
621
593
622
594
623
595
624
596
625
597
626
598
627
599
628
629
4339
601
630
602
631
603
632
604
633
605
634
606
635
607
636
608
637
609
638
610
639
611
640
612
641
613
642
614
643
615
644
616
645
617
646
618
647
619
648
620
649
621
650
622
651
623
652
624
653
625
654
626
655
627
656
628
657
629
658
659
4340
631
660
632
661
633
662
634
663
635
664
636
665
637
666
638
667
639
668
640
669
641
670
642
671
643
672
644
673
645
674
646
675
647
676
648
677
649
678
650
679
651
680
652
681
653
682
654
683
655
684
656
685
657
686
658
687
659
688
689
4341
661
690
662
691
663
692
664
693
665
694
666
695
667
696
668
697
669
698
670
699
671
700
672
701
673
702
674
703
675
704
676
705
677
706
678
707
679
708
680
709
681
710
682
711
683
712
684
713
685
714
686
715
687
716
688
717
689
718
719
4342
691
720
692
721
693
722
694
723
695
724
696
725
697
726
698
727
699
728
700
729
701
730
702
731
703
732
704
733
705
734
706
735
707
736
708
737
709
738
710
739
711
740
712
741
713
742
714
743
715
744
716
745
717
746
718
747
719
748
749
4343
721
750
722
751
723
752
724
753
725
754
726
755
727
756
728
757
729
758
730
759
731
760
732
761
733
762
734
763
735
764
736
765
737
766
738
767
739
768
740
769
741
770
742
771
743
772
744
773
745
774
746
775
747
776
748
777
749
778
779
4344
751
780
752
781
753
782
754
783
755
784
756
785
757
786
758
787
759
788
760
789
761
790
762
791
763
792
764
793
765
794
766
795
767
796
768
797
769
798
770
799
771
800
772
801
773
802
774
803
775
804
776
805
777
806
778
807
779
808
809
4345
781
810
782
811
783
812
784
813
785
814
786
815
787
816
788
817
789
818
790
819
791
820
792
821
793
822
794
823
795
824
796
825
797
826
798
827
799
828
800
829
801
830
802
831
803
832
804
833
805
834
806
835
807
836
808
837
809
838
839
4346
811
840
812
841
813
842
814
843
815
844
816
845
817
846
818
847
819
848
820
849
821
850
822
851
823
852
824
853
825
854
826
855
827
856
828
857
829
858
830
859
831
860
832
861
833
862
834
863
835
864
836
865
837
866
838
867
839
868
869
4347
841
870
842
871
843
872
844
873
845
874
846
875
847
876
848
877
849
878
850
879
851
880
852
881
853
882
854
883
855
884
856
885
857
886
858
887
859
888
860
889
861
890
862
891
863
892
864
893
865
894
866
895
867
896
868
897
869
898
899
4348
871
900
872
901
873
902
874
903
875
904
876
905
877
906
878
907
879
908
880
909
881
910
882
911
883
912
884
913
885
914
886
915
887
916
888
917
889
918
890
919
891
920
892
921
893
922
894
923
895
924
896
925
897
926
898
927
899
928
929
4349
901
930
902
931
903
932
904
933
905
934
906
935
907
936
908
937
909
938
910
939
911
940
912
941
913
942
914
943
915
944
916
945
917
946
918
947
919
948
920
949
921
950
922
951
923
952
924
953
925
954
926
955
927
956
928
957
929
958
959
5175
931
960
932
961
933
962
934
963
935
964
936
965
937
966
938
967
939
968
940
969
941
970
942
971
943
972
944
973
945
974
946
975
947
976
948
977
949
978
950
979
951
980
952
981
953
982
954
983
955
984
956
985
957
986
958
987
959
988
989
5185
961
990
962
991
963
992
964
993
965
994
966
995
967
996
968
997
969
998
970
999
971
1000
972
1001
973
1002
974
1003
975
1004
976
1005
977
1006
978
1007
979
1008
980
1009
981
1010
982
1011
983
1012
984
1013
985
1014
986
1015
987
1016
988
1017
989
1018
1019
5195
991
1020
992
1021
993
1022
994
1023
995
1024
996
1025
997
1026
998
1027
999
1028
1000
1029
1001
1030
1002
1031
1003
1032
1004
1033
1005
1034
1006
1035
1007
1036
1008
1037
1009
1038
1010
1039
1011
1040
1012
1041
1013
1042
1014
1043
1015
1044
1016
1045
1017
1046
1018
1047
1019
1048
1049
5205
1021
1050
1022
1051
1023
1052
1024
1053
1025
1054
1026
1055
1027
1056
1028
1057
1029
1058
1030
1059
1031
1060
1032
1061
1033
1062
1034
1063
1035
1064
1036
1065
1037
1066
1038
1067
1039
1068
1040
1069
1041
1070
1042
1071
1043
1072
1044
1073
1045
1074
1046
1075
1047
1076
1048
1077
1049
1078
1079
5215
1051
1080
1052
1081
1053
1082
1054
1083
1055
1084
1056
1085
1057
1086
1058
1087
1059
1088
1060
1089
1061
1090
1062
1091
1063
1092
1064
1093
1065
1094
1066
1095
1067
1096
1068
1097
1069
1098
1070
1099
1071
1100
1072
1101
1073
1102
1074
1103
1075
1104
1076
1105
1077
1106
1078
1107
1079
1108
1109
5225
1081
1110
1082
1111
1083
1112
1084
1113
1085
1114
1086
1115
1087
1116
1088
1117
1089
1118
1090
1119
1091
1120
1092
1121
1093
1122
1094
1123
1095
1124
1096
1125
1097
1126
1098
1127
1099
1128
1100
1129
1101
1130
1102
1131
1103
1132
1104
1133
1105
1134
1106
1135
1107
1136
1108
1137
1109
1138
1139
5235
1111
1140
1112
1141
1113
1142
1114
1143
1115
1144
1116
1145
1117
1146
1118
1147
1119
1148
1120
1149
1121
1150
1122
1151
1123
1152
1124
1153
1125
1154
1126
1155
1127
1156
1128
1157
1129
1158
1130
1159
1131
1160
1132
1161
1133
1162
1134
1163
1135
1164
1136
1165
1137
1166
1138
1167
1139
1168
1169
5245
1141
1170
1142
1171
1143
1172
1144
1173
1145
1174
1146
1175
1147
1176
1148
1177
1149
1178
1150
1179
1151
1180
1152
1181
1153
1182
1154
1183
1155
1184
1156
1185
1157
1186
1158
1187
1159
1188
1160
1189
1161
1190
1162
1191
1163
1192
1164
1193
1165
1194
1166
1195
1167
1196
1168
1197
1169
1198
1199
5255
1171
1200
1172
1201
1173
1202
1174
1203
1175
1204
1176
1205
1177
1206
1178
1207
1179
1208
1180
1209
1181
1210
1182
1211
1183
1212
1184
1213
1185
1214
1186
1215
1187
1216
1188
1217
1189
1218
1190
1219
1191
1220
1192
1221
1193
1222
1194
1223
1195
1224
1196
1225
1197
1226
1198
1227
1199
1228
1229
5265
1201
1230
1202
1231
1203
1232
1204
1233
1205
1234
1206
1235
1207
1236
1208
1237
1209
1238
1210
1239
1211
1240
1212
1241
1213
1242
1214
1243
1215
1244
1216
1245
1217
1246
1218
1247
1219
1248
1220
1249
1221
1250
1222
1251
1223
1252
1224
1253
1225
1254
1226
1255
1227
1256
1228
1257
1229
1258
1259
5275
1231
1260
1232
1261
1233
1262
1234
1263
1235
1264
1236
1265
1237
1266
1238
1267
1239
1268
1240
1269
1241
1270
1242
1271
1243
1272
1244
1273
1245
1274
1246
1275
1247
1276
1248
1277
1249
1278
1250
1279
1251
1280
1252
1281
1253
1282
1254
1283
1255
1284
1256
1285
1257
1286
1258
1287
1259
1288
1289
5285
1261
1290
1262
1291
1263
1292
1264
1293
1265
1294
1266
1295
1267
1296
1268
1297
1269
1298
1270
1299
1271
1300
1272
1301
1273
1302
1274
1303
1275
1304
1276
1305
1277
1306
1278
1307
1279
1308
1280
1309
1281
1310
1282
1311
1283
1312
1284
1313
1285
1314
1286
1315
1287
1316
1288
1317
1289
1318
1319
5295
1291
1320
1292
1321
1293
1322
1294
1323
1295
1324
1296
1325
1297
1326
1298
1327
1299
1328
1300
1329
1301
1330
1302
1331
1303
1332
1304
1333
1305
1334
1306
1335
1307
1336
1308
1337
1309
1338
1310
1339
1311
1340
1312
1341
1313
1342
1314
1343
1315
1344
1316
1345
1317
1346
1318
1347
1319
1348
1349
5305
1321
1350
1322
1351
1323
1352
1324
1353
1325
1354
1326
1355
1327
1356
1328
1357
1329
1358
1330
1359
1331
1360
1332
1361
1333
1362
1334
1363
1335
1364
1336
1365
1337
1366
1338
1367
1339
1368
1340
1369
1341
1370
1342
1371
1343
1372
1344
1373
1345
1374
1346
1375
1347
1376
1348
1377
1349
1378
1379
5315
1351
1380
1352
1381
1353
1382
1354
1383
1355
1384
1356
1385
1357
1386
1358
1387
1359
1388
1360
1389
1361
1390
1362
1391
1363
1392
1364
1393
1365
1394
1366
1395
1367
1396
1368
1397
1369
1398
1370
1399
1371
1400
1372
1401
1373
1402
1374
1403
1375
1404
1376
1405
1377
1406
1378
1407
1379
1408
1409
5325
1381
1410
1382
1411
1383
1412
1384
1413
1385
1414
1386
1415
1387
1416
1388
1417
1389
1418
1390
1419
1391
1420
1392
1421
1393
1422
1394
1423
1395
1424
1396
1425
1397
1426
1398
1427
1399
1428
1400
1429
1401
1430
1402
1431
1403
1432
1404
1433
1405
1434
1406
1435
1407
1436
1408
1437
1409
1438
1439
5335
1411
1440
1412
1441
1413
1442
1414
1443
1415
1444
1416
1445
1417
1446
1418
1447
1419
1448
1420
1449
1421
1450
1422
1451
1423
1452
1424
1453
1425
1454
1426
1455
1427
1456
1428
1457
1429
1458
1430
1459
1431
1460
1432
1461
1433
1462
1434
1463
1435
1464
1436
1465
1437
1466
1438
1467
1439
1468
1469
5345
1441
1470
1442
1471
1443
1472
1444
1473
1445
1474
1446
1475
1447
1476
1448
1477
1449
1478
1450
1479
1451
1480
1452
1481
1453
1482
1454
1483
1455
1484
1456
1485
1457
1486
1458
1487
1459
1488
1460
1489
1461
1490
1462
1491
1463
1492
1464
1493
1465
1494
1466
1495
1467
1496
1468
1497
1469
1498
1499
5355
1471
1500
1472
1501
1473
1502
1474
1503
1475
1504
1476
1505
1477
1506
1478
1507
1479
1508
1480
1509
1481
1510
1482
1511
1483
1512
1484
1513
1485
1514
1486
1515
1487
1516
1488
1517
1489
1518
1490
1519
1491
1520
1492
1521
1493
1522
1494
1523
1495
1524
1496
1525
1497
1526
1498
1527
1499
1528
1529
5365
1501
1530
1502
1531
1503
1532
1504
1533
1505
1534
1506
1535
1507
1536
1508
1537
1509
1538
1510
1539
1511
1540
1512
1541
1513
1542
1514
1543
1515
1544
1516
1545
1517
1546
1518
1547
1519
1548
1520
1549
1521
1550
1522
1551
1523
1552
1524
1553
1525
1554
1526
1555
1527
1556
1528
1557
1529
1558
1559
5375
1531
1560
1532
1561
1533
1562
1534
1563
1535
1564
1536
1565
1537
1566
1538
1567
1539
1568
1540
1569
1541
1570
1542
1571
1543
1572
1544
1573
1545
1574
1546
1575
1547
1576
1548
1577
1549
1578
1550
1579
1551
1580
1552
1581
1553
1582
1554
1583
1555
1584
1556
1585
1557
1586
1558
1587
1559
1588
1589
5385
1561
1590
1562
1591
1563
1592
1564
1593
1565
1594
1566
1595
1567
1596
1568
1597
1569
1598
1570
1599
1571
1600
1572
1601
1573
1602
1574
1603
1575
1604
1576
1605
1577
1606
1578
1607
1579
1608
1580
1609
1581
1610
1582
1611
1583
1612
1584
1613
1585
1614
1586
1615
1587
1616
1588
1617
1589
1618
1619
5395
1591
1620
1592
1621
1593
1622
1594
1623
1595
1624
1596
1625
1597
1626
1598
1627
1599
1628
1600
1629
1601
1630
1602
1631
1603
1632
1604
1633
1605
1634
1606
1635
1607
1636
1608
1637
1609
1638
1610
1639
1611
1640
1612
1641
1613
1642
1614
1643
1615
1644
1616
1645
1617
1646
1618
1647
1619
1648
1649
5405
1621
1650
1622
1651
1623
1652
1624
1653
1625
1654
1626
1655
1627
1656
1628
1657
1629
1658
1630
1659
1631
1660
1632
1661
1633
1662
1634
1663
1635
1664
1636
1665
1637
1666
1638
1667
1639
1668
1640
1669
1641
1670
1642
1671
1643
1672
1644
1673
1645
1674
1646
1675
1647
1676
1648
1677
1649
1678
1679
5415
1651
1680
1652
1681
1653
1682
1654
1683
1655
1684
1656
1685
1657
1686
1658
1687
1659
1688
1660
1689
1661
1690
1662
1691
1663
1692
1664
1693
1665
1694
1666
1695
1667
1696
1668
1697
1669
1698
1670
1699
1671
1700
1672
1701
1673
1702
1674
1703
1675
1704
1676
1705
1677
1706
1678
1707
1679
1708
1709
5425
1681
1710
1682
1711
1683
1712
1684
1713
1685
1714
1686
1715
1687
1716
1688
1717
1689
1718
1690
1719
1691
1720
1692
1721
1693
1722
1694
1723
1695
1724
1696
1725
1697
1726
1698
1727
1699
1728
1700
1729
1701
1730
1702
1731
1703
1732
1704
1733
1705
1734
1706
1735
1707
1736
1708
1737
1709
1738
1739
5435
1711
1740
1712
1741
1713
1742
1714
1743
1715
1744
1716
1745
1717
1746
1718
1747
1719
1748
1720
1749
1721
1750
1722
1751
1723
1752
1724
1753
1725
1754
1726
1755
1727
1756
1728
1757
1729
1758
1730
1759
1731
1760
1732
1761
1733
1762
1734
1763
1735
1764
1736
1765
1737
1766
1738
1767
1739
1768
1769
5445
1741
1770
1742
1771
1743
1772
1744
1773
1745
1774
1746
1775
1747
1776
1748
1777
1749
1778
1750
1779
1751
1780
1752
1781
1753
1782
1754
1783
1755
1784
1756
1785
1757
1786
1758
1787
1759
1788
1760
1789
1761
1790
1762
1791
1763
1792
1764
1793
1765
1794
1766
1795
1767
1796
1768
1797
1769
1798
1799
5455
1771
1800
1772
1801
1773
1802
1774
1803
1775
1804
1776
1805
1777
1806
1778
1807
1779
1808
1780
1809
1781
1810
1782
1811
1783
1812
1784
1813
1785
1814
1786
1815
1787
1816
1788
1817
1789
1818
1790
1819
1791
1820
1792
1821
1793
1822
1794
1823
1795
1824
1796
1825
1797
1826
1798
1827
1799
1828
1829
5465
1801
1830
1802
1831
1803
1832
1804
1833
1805
1834
1806
1835
1807
1836
1808
1837
1809
1838
1810
1839
1811
1840
1812
1841
1813
1842
1814
1843
1815
1844
1816
1845
1817
1846
1818
1847
1819
1848
1820
1849
1821
1850
1822
1851
1823
1852
1824
1853
1825
1854
1826
1855
1827
1856
1828
1857
1829
1858
1859
7679
1831
1860
1832
1861
1833
1862
1834
1863
1835
1864
1836
1865
1837
1866
1838
1867
1839
1868
1840
1869
1841
1870
1842
1871
1843
1872
1844
1873
1845
1874
1846
1875
1847
1876
1848
1877
1849
1878
1850
1879
1851
1880
1852
1881
1853
1882
1854
1883
1855
1884
1856
1885
1857
1886
1858
1887
1859
1888
1889
7678
1861
1890
1862
1891
1863
1892
1864
1893
1865
1894
1866
1895
1867
1896
1868
1897
1869
1898
1870
1899
1871
1900
1872
1901
1873
1902
1874
1903
1875
1904
1876
1905
1877
1906
1878
1907
1879
1908
1880
1909
1881
1910
1882
1911
1883
1912
1884
1913
1885
1914
1886
1915
1887
1916
1888
1917
1889
1918
1919
7677
1891
1920
1892
1921
1893
1922
1894
1923
1895
1924
1896
1925
1897
1926
1898
1927
1899
1928
1900
1929
1901
1930
1902
1931
1903
1932
1904
1933
1905
1934
1906
1935
1907
1936
1908
1937
1909
1938
1910
1939
1911
1940
1912
1941
1913
1942
1914
1943
1915
1944
1916
1945
1917
1946
1918
1947
1919
1948
1949
7676
1921
1950
1922
1951
1923
1952
1924
1953
1925
1954
1926
1955
1927
1956
1928
1957
1929
1958
1930
1959
1931
1960
1932
1961
1933
1962
1934
1963
1935
1964
1936
1965
1937
1966
1938
1967
1939
1968
1940
1969
1941
1970
1942
1971
1943
1972
1944
1973
1945
1974
1946
1975
1947
1976
1948
1977
1949
1978
1979
7675
1951
1980
1952
1981
1953
1982
1954
1983
1955
1984
1956
1985
1957
1986
1958
1987
1959
1988
1960
1989
1961
1990
1962
1991
1963
1992
1964
1993
1965
1994
1966
1995
1967
1996
1968
1997
1969
1998
1970
1999
1971
2000
1972
2001
1973
2002
1974
2003
1975
2004
1976
2005
1977
2006
1978
2007
1979
2008
2009
7674
1981
2010
1982
2011
1983
2012
1984
2013
1985
2014
1986
2015
1987
2016
1988
2017
1989
2018
1990
2019
1991
2020
1992
2021
1993
2022
1994
2023
1995
2024
1996
2025
1997
2026
1998
2027
1999
2028
2000
2029
2001
2030
2002
2031
2003
2032
2004
2033
2005
2034
2006
2035
2007
2036
2008
2037
2009
2038
2039
7673
2011
2040
2012
2041
2013
2042
2014
2043
2015
2044
2016
2045
2017
2046
2018
2047
2019
2048
2020
2049
2021
2050
2022
2051
2023
2052
2024
2053
2025
2054
2026
2055
2027
2056
2028
2057
2029
2058
2030
2059
2031
2060
2032
2061
2033
2062
2034
2063
2035
2064
2036
2065
2037
2066
2038
2067
2039
2068
2069
7672
2041
2070
2042
2071
2043
2072
2044
2073
2045
2074
2046
2075
2047
2076
2048
2077
2049
2078
2050
2079
2051
2080
2052
2081
2053
2082
2054
2083
2055
2084
2056
2085
2057
2086
2058
2087
2059
2088
2060
2089
2061
2090
2062
2091
2063
2092
2064
2093
2065
2094
2066
2095
2067
2096
2068
2097
2069
2098
2099
7671
2071
2100
2072
2101
2073
2102
2074
2103
2075
2104
2076
2105
2077
2106
2078
2107
2079
2108
2080
2109
2081
2110
2082
2111
2083
2112
2084
2113
2085
2114
2086
2115
2087
2116
2088
2117
2089
2118
2090
2119
2091
2120
2092
2121
2093
2122
2094
2123
2095
2124
2096
2125
2097
2126
2098
2127
2099
2128
2129
7670
2101
2130
2102
2131
2103
2132
2104
2133
2105
2134
2106
2135
2107
2136
2108
2137
2109
2138
2110
2139
2111
2140
2112
2141
2113
2142
2114
2143
2115
2144
2116
2145
2117
2146
2118
2147
2119
2148
2120
2149
2121
2150
2122
2151
2123
2152
2124
2153
2125
2154
2126
2155
2127
2156
2128
2157
2129
2158
2159
7669
2131
2160
2132
2161
2133
2162
2134
2163
2135
2164
2136
2165
2137
2166
2138
2167
2139
2168
2140
2169
2141
2170
2142
2171
2143
2172
2144
2173
2145
2174
2146
2175
2147
2176
2148
2177
2149
2178
2150
2179
2151
2180
2152
2181
2153
2182
2154
2183
2155
2184
2156
2185
2157
2186
2158
2187
2159
2188
2189
7668
2161
2190
2162
2191
2163
2192
2164
2193
2165
2194
2166
2195
2167
2196
2168
2197
2169
2198
2170
2199
2171
2200
2172
2201
2173
2202
2174
2203
2175
2204
2176
2205
2177
2206
2178
2207
2179
2208
2180
2209
2181
2210
2182
2211
2183
2212
2184
2213
2185
2214
2186
2215
2187
2216
2188
2217
2189
2218
2219
7667
2191
2220
2192
2221
2193
2222
2194
2223
2195
2224
2196
2225
2197
2226
2198
2227
2199
2228
2200
2229
2201
2230
2202
2231
2203
2232
2204
2233
2205
2234
2206
2235
2207
2236
2208
2237
2209
2238
2210
2239
2211
2240
2212
2241
2213
2242
2214
2243
2215
2244
2216
2245
2217
2246
2218
2247
2219
2248
2249
7666
2221
2250
2222
2251
2223
2252
2224
2253
2225
2254
2226
2255
2227
2256
2228
2257
2229
2258
2230
2259
2231
2260
2232
2261
2233
2262
2234
2263
2235
2264
2236
2265
2237
2266
2238
2267
2239
2268
2240
2269
2241
2270
2242
2271
2243
2272
2244
2273
2245
2274
2246
2275
2247
2276
2248
2277
2249
2278
2279
7665
2251
2280
2252
2281
2253
2282
2254
2283
2255
2284
2256
2285
2257
2286
2258
2287
2259
2288
2260
2289
2261
2290
2262
2291
2263
2292
2264
2293
2265
2294
2266
2295
2267
2296
2268
2297
2269
2298
2270
2299
2271
2300
2272
2301
2273
2302
2274
2303
2275
2304
2276
2305
2277
2306
2278
2307
2279
2308
2309
7664
2281
2310
2282
2311
2283
2312
2284
2313
2285
2314
2286
2315
2287
2316
2288
2317
2289
2318
2290
2319
2291
2320
2292
2321
2293
2322
2294
2323
2295
2324
2296
2325
2297
2326
2298
2327
2299
2328
2300
2329
2301
2330
2302
2331
2303
2332
2304
2333
2305
2334
2306
2335
2307
2336
2308
2337
2309
2338
2339
7663
2311
2340
2312
2341
2313
2342
2314
2343
2315
2344
2316
2345
2317
2346
2318
2347
2319
2348
2320
2349
2321
2350
2322
2351
2323
2352
2324
2353
2325
2354
2326
2355
2327
2356
2328
2357
2329
2358
2330
2359
2331
2360
2332
2361
2333
2362
2334
2363
2335
2364
2336
2365
2337
2366
2338
2367
2339
2368
2369
7662
2341
2370
2342
2371
2343
2372
2344
2373
2345
2374
2346
2375
2347
2376
2348
2377
2349
2378
2350
2379
2351
2380
2352
2381
2353
2382
2354
2383
2355
2384
2356
2385
2357
2386
2358
2387
2359
2388
2360
2389
2361
2390
2362
2391
2363
2392
2364
2393
2365
2394
2366
2395
2367
2396
2368
2397
2369
2398
2399
7661
2371
2400
2372
2401
2373
2402
2374
2403
2375
2404
2376
2405
2377
2406
2378
2407
2379
2408
2380
2409
2381
2410
2382
2411
2383
2412
2384
2413
2385
2414
2386
2415
2387
2416
2388
2417
2389
2418
2390
2419
2391
2420
2392
2421
2393
2422
2394
2423
2395
2424
2396
2425
2397
2426
2398
2427
2399
2428
2429
7660
2401
2430
2402
2431
2403
2432
2404
2433
2405
2434
2406
2435
2407
2436
2408
2437
2409
2438
2410
2439
2411
2440
2412
2441
2413
2442
2414
2443
2415
2444
2416
2445
2417
2446
2418
2447
2419
2448
2420
2449
2421
2450
2422
2451
2423
2452
2424
2453
2425
2454
2426
2455
2427
2456
2428
2457
2429
2458
2459
7659
2431
2460
2432
2461
2433
2462
2434
2463
2435
2464
2436
2465
2437
2466
2438
2467
2439
2468
2440
2469
2441
2470
2442
2471
2443
2472
2444
2473
2445
2474
2446
2475
2447
2476
2448
2477
2449
2478
2450
2479
2451
2480
2452
2481
2453
2482
2454
2483
2455
2484
2456
2485
2457
2486
2458
2487
2459
2488
2489
7658
2461
2490
2462
2491
2463
2492
2464
2493
2465
2494
2466
2495
2467
2496
2468
2497
2469
2498
2470
2499
2471
2500
2472
2501
2473
2502
2474
2503
2475
2504
2476
2505
2477
2506
2478
2507
2479
2508
2480
2509
2481
2510
2482
2511
2483
2512
2484
2513
2485
2514
2486
2515
2487
2516
2488
2517
2489
2518
2519
7657
2491
2520
2492
2521
2493
2522
2494
2523
2495
2524
2496
2525
2497
2526
2498
2527
2499
2528
2500
2529
2501
2530
2502
2531
2503
2532
2504
2533
2505
2534
2506
2535
2507
2536
2508
2537
2509
2538
2510
2539
2511
2540
2512
2541
2513
2542
2514
2543
2515
2544
2516
2545
2517
2546
2518
2547
2519
2548
2549
7656
2521
2550
2522
2551
2523
2552
2524
2553
2525
2554
2526
2555
2527
2556
2528
2557
2529
2558
2530
2559
2531
2560
2532
2561
2533
2562
2534
2563
2535
2564
2536
2565
2537
2566
2538
2567
2539
2568
2540
2569
2541
2570
2542
2571
2543
2572
2544
2573
2545
2574
2546
2575
2547
2576
2548
2577
2549
2578
2579
7655
2551
2580
2552
2581
2553
2582
2554
2583
2555
2584
2556
2585
2557
2586
2558
2587
2559
2588
2560
2589
2561
2590
2562
2591
2563
2592
2564
2593
2565
2594
2566
2595
2567
2596
2568
2597
2569
2598
2570
2599
2571
2600
2572
2601
2573
2602
2574
2603
2575
2604
2576
2605
2577
2606
2578
2607
2579
2608
2609
7654
2581
2610
2582
2611
2583
2612
2584
2613
2585
2614
2586
2615
2587
2616
2588
2617
2589
2618
2590
2619
2591
2620
2592
2621
2593
2622
2594
2623
2595
2624
2596
2625
2597
2626
2598
2627
2599
2628
2600
2629
2601
2630
2602
2631
2603
2632
2604
2633
2605
2634
2606
2635
2607
2636
2608
2637
2609
2638
2639
7653
2611
2640
2612
2641
2613
2642
2614
2643
2615
2644
2616
2645
2617
2646
2618
2647
2619
2648
2620
2649
2621
2650
2622
2651
2623
2652
2624
2653
2625
2654
2626
2655
2627
2656
2628
2657
2629
2658
2630
2659
2631
2660
2632
2661
2633
2662
2634
2663
2635
2664
2636
2665
2637
2666
2638
2667
2639
2668
2669
7652
2641
2670
2642
2671
2643
2672
2644
2673
2645
2674
2646
2675
2647
2676
2648
2677
2649
2678
2650
2679
2651
2680
2652
2681
2653
2682
2654
2683
2655
2684
2656
2685
2657
2686
2658
2687
2659
2688
2660
2689
2661
2690
2662
2691
2663
2692
2664
2693
2665
2694
2666
2695
2667
2696
2668
2697
2669
2698
2699
7651
2671
2700
2672
2701
2673
2702
2674
2703
2675
2704
2676
2705
2677
2706
2678
2707
2679
2708
2680
2709
2681
2710
2682
2711
2683
2712
2684
2713
2685
2714
2686
2715
2687
2716
2688
2717
2689
2718
2690
2719
2691
2720
2692
2721
2693
2722
2694
2723
2695
2724
2696
2725
2697
2726
2698
2727
2699
2728
2729
7650
2701
2730
2702
2731
2703
2732
2704
2733
2705
2734
2706
2735
2707
2736
2708
2737
2709
2738
2710
2739
2711
2740
2712
2741
2713
2742
2714
2743
2715
2744
2716
2745
2717
2746
2718
2747
2719
2748
2720
2749
2721
2750
2722
2751
2723
2752
2724
2753
2725
2754
2726
2755
2727
2756
2728
2757
2729
2758
2759
8999
2731
2760
2732
2761
2733
2762
2734
2763
2735
2764
2736
2765
2737
2766
2738
2767
2739
2768
2740
2769
2741
2770
2742
2771
2743
2772
2744
2773
2745
2774
2746
2775
2747
2776
2748
2777
2749
2778
2750
2779
2751
2780
2752
2781
2753
2782
2754
2783
2755
2784
2756
2785
2757
2786
2758
2787
2759
2788
2789
8979
2761
2790
2762
2791
2763
2792
2764
2793
2765
2794
2766
2795
2767
2796
2768
2797
2769
2798
2770
2799
2771
2800
2772
2801
2773
2802
2774
2803
2775
2804
2776
2805
2777
2806
2778
2807
2779
2808
2780
2809
2781
2810
2782
2811
2783
2812
2784
2813
2785
2814
2786
2815
2787
2816
2788
2817
2789
2818
2819
8959
2791
2820
2792
2821
2793
2822
2794
2823
2795
2824
2796
2825
2797
2826
2798
2827
2799
2828
2800
2829
2801
2830
2802
2831
2803
2832
2804
2833
2805
2834
2806
2835
2807
2836
2808
2837
2809
2838
2810
2839
2811
2840
2812
2841
2813
2842
2814
2843
2815
2844
2816
2845
2817
2846
2818
2847
2819
2848
2849
8939
2821
2850
2822
2851
2823
2852
2824
2853
2825
2854
2826
2855
2827
2856
2828
2857
2829
2858
2830
2859
2831
2860
2832
2861
2833
2862
2834
2863
2835
2864
2836
2865
2837
2866
2838
2867
2839
2868
2840
2869
2841
2870
2842
2871
2843
2872
2844
2873
2845
2874
2846
2875
2847
2876
2848
2877
2849
2878
2879
8919
2851
2880
2852
2881
2853
2882
2854
2883
2855
2884
2856
2885
2857
2886
2858
2887
2859
2888
2860
2889
2861
2890
2862
2891
2863
2892
2864
2893
2865
2894
2866
2895
2867
2896
2868
2897
2869
2898
2870
2899
2871
2900
2872
2901
2873
2902
2874
2903
2875
2904
2876
2905
2877
2906
2878
2907
2879
2908
2909
8899
2881
2910
2882
2911
2883
2912
2884
2913
2885
2914
2886
2915
2887
2916
2888
2917
2889
2918
2890
2919
2891
2920
2892
2921
2893
2922
2894
2923
2895
2924
2896
2925
2897
2926
2898
2927
2899
2928
2900
2929
2901
2930
2902
2931
2903
2932
2904
2933
2905
2934
2906
2935
2907
2936
2908
2937
2909
2938
2939
8879
2911
2940
2912
2941
2913
2942
2914
2943
2915
2944
2916
2945
2917
2946
2918
2947
2919
2948
2920
2949
2921
2950
2922
2951
2923
2952
2924
2953
2925
2954
2926
2955
2927
2956
2928
2957
2929
2958
2930
2959
2931
2960
2932
2961
2933
2962
2934
2963
2935
2964
2936
2965
2937
2966
2938
2967
2939
2968
2969
8859
2941
2970
2942
2971
2943
2972
2944
2973
2945
2974
2946
2975
2947
2976
2948
2977
2949
2978
2950
2979
2951
2980
2952
2981
2953
2982
2954
2983
2955
2984
2956
2985
2957
2986
2958
2987
2959
2988
2960
2989
2961
2990
2962
2991
2963
2992
2964
2993
2965
2994
2966
2995
2967
2996
2968
2997
2969
2998
2999
8839
2971
3000
2972
3001
2973
3002
2974
3003
2975
3004
2976
3005
2977
3006
2978
3007
2979
3008
2980
3009
2981
3010
2982
3011
2983
3012
2984
3013
2985
3014
2986
3015
2987
3016
2988
3017
2989
3018
2990
3019
2991
3020
2992
3021
2993
3022
2994
3023
2995
3024
2996
3025
2997
3026
2998
3027
2999
3028
3029
8819
3001
3030
3002
3031
3003
3032
3004
3033
3005
3034
3006
3035
3007
3036
3008
3037
3009
3038
3010
3039
3011
3040
3012
3041
3013
3042
3014
3043
3015
3044
3016
3045
3017
3046
3018
3047
3019
3048
3020
3049
3021
3050
3022
3051
3023
3052
3024
3053
3025
3054
3026
3055
3027
3056
3028
3057
3029
3058
3059
8799
3031
3060
3032
3061
3033
3062
3034
3063
3035
3064
3036
3065
3037
3066
3038
3067
3039
3068
3040
3069
3041
3070
3042
3071
3043
3072
3044
3073
3045
3074
3046
3075
3047
3076
3048
3077
3049
3078
3050
3079
3051
3080
3052
3081
3053
3082
3054
3083
3055
3084
3056
3085
3057
3086
3058
3087
3059
3088
3089
8779
3061
3090
3062
3091
3063
3092
3064
3093
3065
3094
3066
3095
3067
3096
3068
3097
3069
3098
3070
3099
3071
3100
3072
3101
3073
3102
3074
3103
3075
3104
3076
3105
3077
3106
3078
3107
3079
3108
3080
3109
3081
3110
3082
3111
3083
3112
3084
3113
3085
3114
3086
3115
3087
3116
3088
3117
3089
3118
3119
8759
3091
3120
3092
3121
3093
3122
3094
3123
3095
3124
3096
3125
3097
3126
3098
3127
3099
3128
3100
3129
3101
3130
3102
3131
3103
3132
3104
3133
3105
3134
3106
3135
3107
3136
3108
3137
3109
3138
3110
3139
3111
3140
3112
3141
3113
3142
3114
3143
3115
3144
3116
3145
3117
3146
3118
3147
3119
3148
3149
8739
3121
3150
3122
3151
3123
3152
3124
3153
3125
3154
3126
3155
3127
3156
3128
3157
3129
3158
3130
3159
3131
3160
3132
3161
3133
3162
3134
3163
3135
3164
3136
3165
3137
3166
3138
3167
3139
3168
3140
3169
3141
3170
3142
3171
3143
3172
3144
3173
3145
3174
3146
3175
3147
3176
3148
3177
3149
3178
3179
8719
3151
3180
3152
3181
3153
3182
3154
3183
3155
3184
3156
3185
3157
3186
3158
3187
3159
3188
3160
3189
3161
3190
3162
3191
3163
3192
3164
3193
3165
3194
3166
3195
3167
3196
3168
3197
3169
3198
3170
3199
3171
3200
3172
3201
3173
3202
3174
3203
3175
3204
3176
3205
3177
3206
3178
3207
3179
3208
3209
8699
3181
3210
3182
3211
3183
3212
3184
3213
3185
3214
3186
3215
3187
3216
3188
3217
3189
3218
3190
3219
3191
3220
3192
3221
3193
3222
3194
3223
3195
3224
3196
3225
3197
3226
3198
3227
3199
3228
3200
3229
3201
3230
3202
3231
3203
3232
3204
3233
3205
3234
3206
3235
3207
3236
3208
3237
3209
3238
3239
8679
3211
3240
3212
3241
3213
3242
3214
3243
3215
3244
3216
3245
3217
3246
3218
3247
3219
3248
3220
3249
3221
3250
3222
3251
3223
3252
3224
3253
3225
3254
3226
3255
3227
3256
3228
3257
3229
3258
3230
3259
3231
3260
3232
3261
3233
3262
3234
3263
3235
3264
3236
3265
3237
3266
3238
3267
3239
3268
3269
8659
3241
3270
3242
3271
3243
3272
3244
3273
3245
3274
3246
3275
3247
3276
3248
3277
3249
3278
3250
3279
3251
3280
3252
3281
3253
3282
3254
3283
3255
3284
3256
3285
3257
3286
3258
3287
3259
3288
3260
3289
3261
3290
3262
3291
3263
3292
3264
3293
3265
3294
3266
3295
3267
3296
3268
3297
3269
3298
3299
8639
3271
3300
3272
3301
3273
3302
3274
3303
3275
3304
3276
3305
3277
3306
3278
3307
3279
3308
3280
3309
3281
3310
3282
3311
3283
3312
3284
3313
3285
3314
3286
3315
3287
3316
3288
3317
3289
3318
3290
3319
3291
3320
3292
3321
3293
3322
3294
3323
3295
3324
3296
3325
3297
3326
3298
3327
3299
3328
3329
8619
3301
3330
3302
3331
3303
3332
3304
3333
3305
3334
3306
3335
3307
3336
3308
3337
3309
3338
3310
3339
3311
3340
3312
3341
3313
3342
3314
3343
3315
3344
3316
3345
3317
3346
3318
3347
3319
3348
3320
3349
3321
3350
3322
3351
3323
3352
3324
3353
3325
3354
3326
3355
3327
3356
3328
3357
3329
3358
3359
8599
3331
3360
3332
3361
3333
3362
3334
3363
3335
3364
3336
3365
3337
3366
3338
3367
3339
3368
3340
3369
3341
3370
3342
3371
3343
3372
3344
3373
3345
3374
3346
3375
3347
3376
3348
3377
3349
3378
3350
3379
3351
3380
3352
3381
3353
3382
3354
3383
3355
3384
3356
3385
3357
3386
3358
3387
3359
3388
3389
8579
3361
3390
3362
3391
3363
3392
3364
3393
3365
3394
3366
3395
3367
3396
3368
3397
3369
3398
3370
3399
3371
3400
3372
3401
3373
3402
3374
3403
3375
3404
3376
3405
3377
3406
3378
3407
3379
3408
3380
3409
3381
3410
3382
3411
3383
3412
3384
3413
3385
3414
3386
3415
3387
3416
3388
3417
3389
3418
3419
8559
3391
3420
3392
3421
3393
3422
3394
3423
3395
3424
3396
3425
3397
3426
3398
3427
3399
3428
3400
3429
3401
3430
3402
3431
3403
3432
3404
3433
3405
3434
3406
3435
3407
3436
3408
3437
3409
3438
3410
3439
3411
3440
3412
3441
3413
3442
3414
3443
3415
3444
3416
3445
3417
3446
3418
3447
3419
3448
3449
8539
3421
3450
3422
3451
3423
3452
3424
3453
3425
3454
3426
3455
3427
3456
3428
3457
3429
3458
3430
3459
3431
3460
3432
3461
3433
3462
3434
3463
3435
3464
3436
3465
3437
3466
3438
3467
3439
3468
3440
3469
3441
3470
3442
3471
3443
3472
3444
3473
3445
3474
3446
3475
3447
3476
3448
3477
3449
3478
3479
8519
3451
3480
3452
3481
3453
3482
3454
3483
3455
3484
3456
3485
3457
3486
3458
3487
3459
3488
3460
3489
3461
3490
3462
3491
3463
3492
3464
3493
3465
3494
3466
3495
3467
3496
3468
3497
3469
3498
3470
3499
3471
3500
3472
3501
3473
3502
3474
3503
3475
3504
3476
3505
3477
3506
3478
3507
3479
3508
3509
8499
3481
3510
3482
3511
3483
3512
3484
3513
3485
3514
3486
3515
3487
3516
3488
3517
3489
3518
3490
3519
3491
3520
3492
3521
3493
3522
3494
3523
3495
3524
3496
3525
3497
3526
3498
3527
3499
3528
3500
3529
3501
3530
3502
3531
3503
3532
3504
3533
3505
3534
3506
3535
3507
3536
3508
3537
3509
3538
3539
8479
3511
3540
3512
3541
3513
3542
3514
3543
3515
3544
3516
3545
3517
3546
3518
3547
3519
3548
3520
3549
3521
3550
3522
3551
3523
3552
3524
3553
3525
3554
3526
3555
3527
3556
3528
3557
3529
3558
3530
3559
3531
3560
3532
3561
3533
3562
3534
3563
3535
3564
3536
3565
3537
3566
3538
3567
3539
3568
3569
8459
3541
3570
3542
3571
3543
3572
3544
3573
3545
3574
3546
3575
3547
3576
3548
3577
3549
3578
3550
3579
3551
3580
3552
3581
3553
3582
3554
3583
3555
3584
3556
3585
3557
3586
3558
3587
3559
3588
3560
3589
3561
3590
3562
3591
3563
3592
3564
3593
3565
3594
3566
3595
3567
3596
3568
3597
3569
3598
3599
8439
3571
3572
3573
3574
3575
3576
3577
3578
3579
3580
3581
3582
3583
3584
3585
3586
3587
3588
3589
3590
3591
3592
3593
3594
3595
3596
3597
3598
3599
8419
3601
3620
3602
3621
3603
3622
3604
3623
3605
3624
3606
3625
3607
3626
3608
3627
3609
3628
3610
3629
3611
3630
3612
3631
3613
3632
3614
3633
3615
3634
3616
3635
3617
3636
3618
3637
3619
3638
3639
3900
3621
3640
3622
3641
3623
3642
3624
3643
3625
3644
3626
3645
3627
3646
3628
3647
3629
3648
3630
3649
3631
3650
3632
3651
3633
3652
3634
3653
3635
3654
3636
3655
3637
3656
3638
3657
3639
3658
3659
3930
3641
3660
3642
3661
3643
3662
3644
3663
3645
3664
3646
3665
3647
3666
3648
3667
3649
3668
3650
3669
3651
3670
3652
3671
3653
3672
3654
3673
3655
3674
3656
3675
3657
3676
3658
3677
3659
3678
3679
3960
3661
3680
3662
3681
3663
3682
3664
3683
3665
3684
3666
3685
3667
3686
3668
3687
3669
3688
3670
3689
3671
3690
3672
3691
3673
3692
3674
3693
3675
3694
3676
3695
3677
3696
3678
3697
3679
3698
3699
3990
3681
3700
3682
3701
3683
3702
3684
3703
3685
3704
3686
3705
3687
3706
3688
3707
3689
3708
3690
3709
3691
3710
3692
3711
3693
3712
3694
3713
3695
3714
3696
3715
3697
3716
3698
3717
3699
3718
3719
4020
3701
3720
3702
3721
3703
3722
3704
3723
3705
3724
3706
3725
3707
3726
3708
3727
3709
3728
3710
3729
3711
3730
3712
3731
3713
3732
3714
3733
3715
3734
3716
3735
3717
3736
3718
3737
3719
3738
3739
4050
3721
3740
3722
3741
3723
3742
3724
3743
3725
3744
3726
3745
3727
3746
3728
3747
3729
3748
3730
3749
3731
3750
3732
3751
3733
3752
3734
3753
3735
3754
3736
3755
3737
3756
3738
3757
3739
3758
3759
4080
3741
3760
3742
3761
3743
3762
3744
3763
3745
3764
3746
3765
3747
3766
3748
3767
3749
3768
3750
3769
3751
3770
3752
3771
3753
3772
3754
3773
3755
3774
3756
3775
3757
3776
3758
3777
3759
3778
3779
4110
3761
3780
3762
3781
3763
3782
3764
3783
3765
3784
3766
3785
3767
3786
3768
3787
3769
3788
3770
3789
3771
3790
3772
3791
3773
3792
3774
3793
3775
3794
3776
3795
3777
3796
3778
3797
3779
3798
3799
4140
3781
3800
3782
3801
3783
3802
3784
3803
3785
3804
3786
3805
3787
3806
3788
3807
3789
3808
3790
3809
3791
3810
3792
3811
3793
3812
3794
3813
3795
3814
3796
3815
3797
3816
3798
3817
3799
3818
3819
4170
3801
3820
3802
3821
3803
3822
3804
3823
3805
3824
3806
3825
3807
3826
3808
3827
3809
3828
3810
3829
3811
3830
3812
3831
3813
3832
3814
3833
3815
3834
3816
3835
3817
3836
3818
3837
3819
3838
3839
4200
3821
3840
3822
3841
3823
3842
3824
3843
3825
3844
3826
3845
3827
3846
3828
3847
3829
3848
3830
3849
3831
3850
3832
3851
3833
3852
3834
3853
3835
3854
3836
3855
3837
3856
3838
3857
3839
3858
3859
4230
3841
3860
3842
3861
3843
3862
3844
3863
3845
3864
3846
3865
3847
3866
3848
3867
3849
3868
3850
3869
3851
3870
3852
3871
3853
3872
3854
3873
3855
3874
3856
3875
3857
3876
3858
3877
3859
3878
3879
4260
3861
3880
3862
3881
3863
3882
3864
3883
3865
3884
3866
3885
3867
3886
3868
3887
3869
3888
3870
3889
3871
3890
3872
3891
3873
3892
3874
3893
3875
3894
3876
3895
3877
3896
3878
3897
3879
3898
3899
4290
3881
8400
3882
8401
3883
8402
3884
8403
3885
8404
3886
8405
3887
8406
3888
8407
3889
8408
3890
8409
3891
8410
3892
8411
3893
8412
3894
8413
3895
8414
3896
8415
3897
8416
3898
8417
3899
8418
4320
8419
3901
3930
3902
3931
3903
3932
3904
3933
3905
3934
3906
3935
3907
3936
3908
3937
3909
3938
3910
3939
3911
3940
3912
3941
3913
3942
3914
3943
3915
3944
3916
3945
3917
3946
3918
3947
3919
3948
3920
3949
3921
3950
3922
3951
3923
3952
3924
3953
3925
3954
3926
3955
3927
3956
3928
3957
3929
3958
3959
4350
3931
3960
3932
3961
3933
3962
3934
3963
3935
3964
3936
3965
3937
3966
3938
3967
3939
3968
3940
3969
3941
3970
3942
3971
3943
3972
3944
3973
3945
3974
3946
3975
3947
3976
3948
3977
3949
3978
3950
3979
3951
3980
3952
3981
3953
3982
3954
3983
3955
3984
3956
3985
3957
3986
3958
3987
3959
3988
3989
4360
3961
3990
3962
3991
3963
3992
3964
3993
3965
3994
3966
3995
3967
3996
3968
3997
3969
3998
3970
3999
3971
4000
3972
4001
3973
4002
3974
4003
3975
4004
3976
4005
3977
4006
3978
4007
3979
4008
3980
4009
3981
4010
3982
4011
3983
4012
3984
4013
3985
4014
3986
4015
3987
4016
3988
4017
3989
4018
4019
4370
3991
4020
3992
4021
3993
4022
3994
4023
3995
4024
3996
4025
3997
4026
3998
4027
3999
4028
4000
4029
4001
4030
4002
4031
4003
4032
4004
4033
4005
4034
4006
4035
4007
4036
4008
4037
4009
4038
4010
4039
4011
4040
4012
4041
4013
4042
4014
4043
4015
4044
4016
4045
4017
4046
4018
4047
4019
4048
4049
4380
4021
4050
4022
4051
4023
4052
4024
4053
4025
4054
4026
4055
4027
4056
4028
4057
4029
4058
4030
4059
4031
4060
4032
4061
4033
4062
4034
4063
4035
4064
4036
4065
4037
4066
4038
4067
4039
4068
4040
4069
4041
4070
4042
4071
4043
4072
4044
4073
4045
4074
4046
4075
4047
4076
4048
4077
4049
4078
4079
4390
4051
4080
4052
4081
4053
4082
4054
4083
4055
4084
4056
4085
4057
4086
4058
4087
4059
4088
4060
4089
4061
4090
4062
4091
4063
4092
4064
4093
4065
4094
4066
4095
4067
4096
4068
4097
4069
4098
4070
4099
4071
4100
4072
4101
4073
4102
4074
4103
4075
4104
4076
4105
4077
4106
4078
4107
4079
4108
4109
4400
4081
4110
4082
4111
4083
4112
4084
4113
4085
4114
4086
4115
4087
4116
4088
4117
4089
4118
4090
4119
4091
4120
4092
4121
4093
4122
4094
4123
4095
4124
4096
4125
4097
4126
4098
4127
4099
4128
4100
4129
4101
4130
4102
4131
4103
4132
4104
4133
4105
4134
4106
4135
4107
4136
4108
4137
4109
4138
4139
4410
4111
4140
4112
4141
4113
4142
4114
4143
4115
4144
4116
4145
4117
4146
4118
4147
4119
4148
4120
4149
4121
4150
4122
4151
4123
4152
4124
4153
4125
4154
4126
4155
4127
4156
4128
4157
4129
4158
4130
4159
4131
4160
4132
4161
4133
4162
4134
4163
4135
4164
4136
4165
4137
4166
4138
4167
4139
4168
4169
4420
4141
4170
4142
4171
4143
4172
4144
4173
4145
4174
4146
4175
4147
4176
4148
4177
4149
4178
4150
4179
4151
4180
4152
4181
4153
4182
4154
4183
4155
4184
4156
4185
4157
4186
4158
4187
4159
4188
4160
4189
4161
4190
4162
4191
4163
4192
4164
4193
4165
4194
4166
4195
4167
4196
4168
4197
4169
4198
4199
4430
4171
4200
4172
4201
4173
4202
4174
4203
4175
4204
4176
4205
4177
4206
4178
4207
4179
4208
4180
4209
4181
4210
4182
4211
4183
4212
4184
4213
4185
4214
4186
4215
4187
4216
4188
4217
4189
4218
4190
4219
4191
4220
4192
4221
4193
4222
4194
4223
4195
4224
4196
4225
4197
4226
4198
4227
4199
4228
4229
4440
4201
4230
4202
4231
4203
4232
4204
4233
4205
4234
4206
4235
4207
4236
4208
4237
4209
4238
4210
4239
4211
4240
4212
4241
4213
4242
4214
4243
4215
4244
4216
4245
4217
4246
4218
4247
4219
4248
4220
4249
4221
4250
4222
4251
4223
4252
4224
4253
4225
4254
4226
4255
4227
4256
4228
4257
4229
4258
4259
4450
4231
4260
4232
4261
4233
4262
4234
4263
4235
4264
4236
4265
4237
4266
4238
4267
4239
4268
4240
4269
4241
4270
4242
4271
4243
4272
4244
4273
4245
4274
4246
4275
4247
4276
4248
4277
4249
4278
4250
4279
4251
4280
4252
4281
4253
4282
4254
4283
4255
4284
4256
4285
4257
4286
4258
4287
4259
4288
4289
4460
4261
4290
4262
4291
4263
4292
4264
4293
4265
4294
4266
4295
4267
4296
4268
4297
4269
4298
4270
4299
4271
4300
4272
4301
4273
4302
4274
4303
4275
4304
4276
4305
4277
4306
4278
4307
4279
4308
4280
4309
4281
4310
4282
4311
4283
4312
4284
4313
4285
4314
4286
4315
4287
4316
4288
4317
4289
4318
4319
4470
4291
4320
4292
4321
4293
4322
4294
4323
4295
4324
4296
4325
4297
4326
4298
4327
4299
4328
4300
4329
4301
4330
4302
4331
4303
4332
4304
4333
4305
4334
4306
4335
4307
4336
4308
4337
4309
4338
4310
4339
4311
4340
4312
4341
4313
4342
4314
4343
4315
4344
4316
4345
4317
4346
4318
4347
4319
4348
4349
4480
4321
4322
4323
4324
4325
4326
4327
4328
4329
4330
4331
4332
4333
4334
4335
4336
4337
4338
4339
4340
4341
4342
4343
4344
4345
4346
4347
4348
4349
4490
4351
4360
4352
4361
4353
4362
4354
4363
4355
4364
4356
4365
4357
4366
4358
4367
4359
4368
4369
4500
4361
4370
4362
4371
4363
4372
4364
4373
4365
4374
4366
4375
4367
4376
4368
4377
4369
4378
4379
4545
4371
4380
4372
4381
4373
4382
4374
4383
4375
4384
4376
4385
4377
4386
4378
4387
4379
4388
4389
4590
4381
4390
4382
4391
4383
4392
4384
4393
4385
4394
4386
4395
4387
4396
4388
4397
4389
4398
4399
4635
4391
4400
4392
4401
4393
4402
4394
4403
4395
4404
4396
4405
4397
4406
4398
4407
4399
4408
4409
4680
4401
4410
4402
4411
4403
4412
4404
4413
4405
4414
4406
4415
4407
4416
4408
4417
4409
4418
4419
4725
4411
4420
4412
4421
4413
4422
4414
4423
4415
4424
4416
4425
4417
4426
4418
4427
4419
4428
4429
4770
4421
4430
4422
4431
4423
4432
4424
4433
4425
4434
4426
4435
4427
4436
4428
4437
4429
4438
4439
4815
4431
4440
4432
4441
4433
4442
4434
4443
4435
4444
4436
4445
4437
4446
4438
4447
4439
4448
4449
4860
4441
4450
4442
4451
4443
4452
4444
4453
4445
4454
4446
4455
4447
4456
4448
4457
4449
4458
4459
4905
4451
4460
4452
4461
4453
4462
4454
4463
4455
4464
4456
4465
4457
4466
4458
4467
4459
4468
4469
4950
4461
4470
4462
4471
4463
4472
4464
4473
4465
4474
4466
4475
4467
4476
4468
4477
4469
4478
4479
4995
4471
4480
4472
4481
4473
4482
4474
4483
4475
4484
4476
4485
4477
4486
4478
4487
4479
4488
4489
5040
4481
4490
4482
4491
4483
4492
4484
4493
4485
4494
4486
4495
4487
4496
4488
4497
4489
4498
4499
5085
4491
5175
4492
5176
4493
5177
4494
5178
4495
5179
4496
5180
4497
5181
4498
5182
4499
5183
5130
5184
4501
4545
4502
4546
4503
4547
4504
4548
4505
4549
4506
4550
4507
4551
4508
4552
4509
4553
4510
4554
4511
4555
4512
4556
4513
4557
4514
4558
4515
4559
4516
4560
4517
4561
4518
4562
4519
4563
4520
4564
4521
4565
4522
4566
4523
4567
4524
4568
4525
4569
4526
4570
4527
4571
4528
4572
4529
4573
4530
4574
4531
4575
4532
4576
4533
4577
4534
4578
4535
4579
4536
4580
4537
4581
4538
4582
4539
4583
4540
4584
4541
4585
4542
4586
4543
4587
4544
4588
4589
4546
4590
4547
4591
4548
4592
4549
4593
4550
4594
4551
4595
4552
4596
4553
4597
4554
4598
4555
4599
4556
4600
4557
4601
4558
4602
4559
4603
4560
4604
4561
4605
4562
4606
4563
4607
4564
4608
4565
4609
4566
4610
4567
4611
4568
4612
4569
4613
4570
4614
4571
4615
4572
4616
4573
4617
4574
4618
4575
4619
4576
4620
4577
4621
4578
4622
4579
4623
4580
4624
4581
4625
4582
4626
4583
4627
4584
4628
4585
4629
4586
4630
4587
4631
4588
4632
4589
4633
4634
4591
4635
4592
4636
4593
4637
4594
4638
4595
4639
4596
4640
4597
4641
4598
4642
4599
4643
4600
4644
4601
4645
4602
4646
4603
4647
4604
4648
4605
4649
4606
4650
4607
4651
4608
4652
4609
4653
4610
4654
4611
4655
4612
4656
4613
4657
4614
4658
4615
4659
4616
4660
4617
4661
4618
4662
4619
4663
4620
4664
4621
4665
4622
4666
4623
4667
4624
4668
4625
4669
4626
4670
4627
4671
4628
4672
4629
4673
4630
4674
4631
4675
4632
4676
4633
4677
4634
4678
4679
4636
4680
4637
4681
4638
4682
4639
4683
4640
4684
4641
4685
4642
4686
4643
4687
4644
4688
4645
4689
4646
4690
4647
4691
4648
4692
4649
4693
4650
4694
4651
4695
4652
4696
4653
4697
4654
4698
4655
4699
4656
4700
4657
4701
4658
4702
4659
4703
4660
4704
4661
4705
4662
4706
4663
4707
4664
4708
4665
4709
4666
4710
4667
4711
4668
4712
4669
4713
4670
4714
4671
4715
4672
4716
4673
4717
4674
4718
4675
4719
4676
4720
4677
4721
4678
4722
4679
4723
4724
4681
4725
4682
4726
4683
4727
4684
4728
4685
4729
4686
4730
4687
4731
4688
4732
4689
4733
4690
4734
4691
4735
4692
4736
4693
4737
4694
4738
4695
4739
4696
4740
4697
4741
4698
4742
4699
4743
4700
4744
4701
4745
4702
4746
4703
4747
4704
4748
4705
4749
4706
4750
4707
4751
4708
4752
4709
4753
4710
4754
4711
4755
4712
4756
4713
4757
4714
4758
4715
4759
4716
4760
4717
4761
4718
4762
4719
4763
4720
4764
4721
4765
4722
4766
4723
4767
4724
4768
4769
4726
4770
4727
4771
4728
4772
4729
4773
4730
4774
4731
4775
4732
4776
4733
4777
4734
4778
4735
4779
4736
4780
4737
4781
4738
4782
4739
4783
4740
4784
4741
4785
4742
4786
4743
4787
4744
4788
4745
4789
4746
4790
4747
4791
4748
4792
4749
4793
4750
4794
4751
4795
4752
4796
4753
4797
4754
4798
4755
4799
4756
4800
4757
4801
4758
4802
4759
4803
4760
4804
4761
4805
4762
4806
4763
4807
4764
4808
4765
4809
4766
4810
4767
4811
4768
4812
4769
4813
4814
4771
4815
4772
4816
4773
4817
4774
4818
4775
4819
4776
4820
4777
4821
4778
4822
4779
4823
4780
4824
4781
4825
4782
4826
4783
4827
4784
4828
4785
4829
4786
4830
4787
4831
4788
4832
4789
4833
4790
4834
4791
4835
4792
4836
4793
4837
4794
4838
4795
4839
4796
4840
4797
4841
4798
4842
4799
4843
4800
4844
4801
4845
4802
4846
4803
4847
4804
4848
4805
4849
4806
4850
4807
4851
4808
4852
4809
4853
4810
4854
4811
4855
4812
4856
4813
4857
4814
4858
4859
4816
4860
4817
4861
4818
4862
4819
4863
4820
4864
4821
4865
4822
4866
4823
4867
4824
4868
4825
4869
4826
4870
4827
4871
4828
4872
4829
4873
4830
4874
4831
4875
4832
4876
4833
4877
4834
4878
4835
4879
4836
4880
4837
4881
4838
4882
4839
4883
4840
4884
4841
4885
4842
4886
4843
4887
4844
4888
4845
4889
4846
4890
4847
4891
4848
4892
4849
4893
4850
4894
4851
4895
4852
4896
4853
4897
4854
4898
4855
4899
4856
4900
4857
4901
4858
4902
4859
4903
4904
4861
4905
4862
4906
4863
4907
4864
4908
4865
4909
4866
4910
4867
4911
4868
4912
4869
4913
4870
4914
4871
4915
4872
4916
4873
4917
4874
4918
4875
4919
4876
4920
4877
4921
4878
4922
4879
4923
4880
4924
4881
4925
4882
4926
4883
4927
4884
4928
4885
4929
4886
4930
4887
4931
4888
4932
4889
4933
4890
4934
4891
4935
4892
4936
4893
4937
4894
4938
4895
4939
4896
4940
4897
4941
4898
4942
4899
4943
4900
4944
4901
4945
4902
4946
4903
4947
4904
4948
4949
4906
4950
4907
4951
4908
4952
4909
4953
4910
4954
4911
4955
4912
4956
4913
4957
4914
4958
4915
4959
4916
4960
4917
4961
4918
4962
4919
4963
4920
4964
4921
4965
4922
4966
4923
4967
4924
4968
4925
4969
4926
4970
4927
4971
4928
4972
4929
4973
4930
4974
4931
4975
4932
4976
4933
4977
4934
4978
4935
4979
4936
4980
4937
4981
4938
4982
4939
4983
4940
4984
4941
4985
4942
4986
4943
4987
4944
4988
4945
4989
4946
4990
4947
4991
4948
4992
4949
4993
4994
4951
4995
4952
4996
4953
4997
4954
4998
4955
4999
4956
5000
4957
5001
4958
5002
4959
5003
4960
5004
4961
5005
4962
5006
4963
5007
4964
5008
4965
5009
4966
5010
4967
5011
4968
5012
4969
5013
4970
5014
4971
5015
4972
5016
4973
5017
4974
5018
4975
5019
4976
5020
4977
5021
4978
5022
4979
5023
4980
5024
4981
5025
4982
5026
4983
5027
4984
5028
4985
5029
4986
5030
4987
5031
4988
5032
4989
5033
4990
5034
4991
5035
4992
5036
4993
5037
4994
5038
5039
4996
5040
4997
5041
4998
5042
4999
5043
5000
5044
5001
5045
5002
5046
5003
5047
5004
5048
5005
5049
5006
5050
5007
5051
5008
5052
5009
5053
5010
5054
5011
5055
5012
5056
5013
5057
5014
5058
5015
5059
5016
5060
5017
5061
5018
5062
5019
5063
5020
5064
5021
5065
5022
5066
5023
5067
5024
5068
5025
5069
5026
5070
5027
5071
5028
5072
5029
5073
5030
5074
5031
5075
5032
5076
5033
5077
5034
5078
5035
5079
5036
5080
5037
5081
5038
5082
5039
5083
5084
5041
5085
5042
5086
5043
5087
5044
5088
5045
5089
5046
5090
5047
5091
5048
5092
5049
5093
5050
5094
5051
5095
5052
5096
5053
5097
5054
5098
5055
5099
5056
5100
5057
5101
5058
5102
5059
5103
5060
5104
5061
5105
5062
5106
5063
5107
5064
5108
5065
5109
5066
5110
5067
5111
5068
5112
5069
5113
5070
5114
5071
5115
5072
5116
5073
5117
5074
5118
5075
5119
5076
5120
5077
5121
5078
5122
5079
5123
5080
5124
5081
5125
5082
5126
5083
5127
5084
5128
5129
5086
5130
5087
5131
5088
5132
5089
5133
5090
5134
5091
5135
5092
5136
5093
5137
5094
5138
5095
5139
5096
5140
5097
5141
5098
5142
5099
5143
5100
5144
5101
5145
5102
5146
5103
5147
5104
5148
5105
5149
5106
5150
5107
5151
5108
5152
5109
5153
5110
5154
5111
5155
5112
5156
5113
5157
5114
5158
5115
5159
5116
5160
5117
5161
5118
5162
5119
5163
5120
5164
5121
5165
5122
5166
5123
5167
5124
5168
5125
5169
5126
5170
5127
5171
5128
5172
5129
5173
5174
5131
5475
5132
5476
5133
5477
5134
5478
5135
5479
5136
5480
5137
5481
5138
5482
5139
5483
5140
5484
5141
5485
5142
5486
5143
5487
5144
5488
5145
5489
5146
5490
5147
5491
5148
5492
5149
5493
5150
5494
5151
5495
5152
5496
5153
5497
5154
5498
5155
5499
5156
5500
5157
5501
5158
5502
5159
5503
5160
5504
5161
5505
5162
5506
5163
5507
5164
5508
5165
5509
5166
5510
5167
5511
5168
5512
5169
5513
5170
5514
5171
5515
5172
5516
5173
5517
5174
5518
5519
5176
5185
5177
5186
5178
5187
5179
5188
5180
5189
5181
5190
5182
5191
5183
5192
5184
5193
5194
5475
5186
5195
5187
5196
5188
5197
5189
5198
5190
5199
5191
5200
5192
5201
5193
5202
5194
5203
5204
5520
5196
5205
5197
5206
5198
5207
5199
5208
5200
5209
5201
5210
5202
5211
5203
5212
5204
5213
5214
5565
5206
5215
5207
5216
5208
5217
5209
5218
5210
5219
5211
5220
5212
5221
5213
5222
5214
5223
5224
5610
5216
5225
5217
5226
5218
5227
5219
5228
5220
5229
5221
5230
5222
5231
5223
5232
5224
5233
5234
5655
5226
5235
5227
5236
5228
5237
5229
5238
5230
5239
5231
5240
5232
5241
5233
5242
5234
5243
5244
5700
5236
5245
5237
5246
5238
5247
5239
5248
5240
5249
5241
5250
5242
5251
5243
5252
5244
5253
5254
5745
5246
5255
5247
5256
5248
5257
5249
5258
5250
5259
5251
5260
5252
5261
5253
5262
5254
5263
5264
5790
5256
5265
5257
5266
5258
5267
5259
5268
5260
5269
5261
5270
5262
5271
5263
5272
5264
5273
5274
5835
5266
5275
5267
5276
5268
5277
5269
5278
5270
5279
5271
5280
5272
5281
5273
5282
5274
5283
5284
5880
5276
5285
5277
5286
5278
5287
5279
5288
5280
5289
5281
5290
5282
5291
5283
5292
5284
5293
5294
5925
5286
5295
5287
5296
5288
5297
5289
5298
5290
5299
5291
5300
5292
5301
5293
5302
5294
5303
5304
5970
5296
5305
5297
5306
5298
5307
5299
5308
5300
5309
5301
5310
5302
5311
5303
5312
5304
5313
5314
6015
5306
5315
5307
5316
5308
5317
5309
5318
5310
5319
5311
5320
5312
5321
5313
5322
5314
5323
5324
6060
5316
5325
5317
5326
5318
5327
5319
5328
5320
5329
5321
5330
5322
5331
5323
5332
5324
5333
5334
6105
5326
5335
5327
5336
5328
5337
5329
5338
5330
5339
5331
5340
5332
5341
5333
5342
5334
5343
5344
6150
5336
5345
5337
5346
5338
5347
5339
5348
5340
5349
5341
5350
5342
5351
5343
5352
5344
5353
5354
6195
5346
5355
5347
5356
5348
5357
5349
5358
5350
5359
5351
5360
5352
5361
5353
5362
5354
5363
5364
6240
5356
5365
5357
5366
5358
5367
5359
5368
5360
5369
5361
5370
5362
5371
5363
5372
5364
5373
5374
6285
5366
5375
5367
5376
5368
5377
5369
5378
5370
5379
5371
5380
5372
5381
5373
5382
5374
5383
5384
6330
5376
5385
5377
5386
5378
5387
5379
5388
5380
5389
5381
5390
5382
5391
5383
5392
5384
5393
5394
6375
5386
5395
5387
5396
5388
5397
5389
5398
5390
5399
5391
5400
5392
5401
5393
5402
5394
5403
5404
6420
5396
5405
5397
5406
5398
5407
5399
5408
5400
5409
5401
5410
5402
5411
5403
5412
5404
5413
5414
6465
5406
5415
5407
5416
5408
5417
5409
5418
5410
5419
5411
5420
5412
5421
5413
5422
5414
5423
5424
6510
5416
5425
5417
5426
5418
5427
5419
5428
5420
5429
5421
5430
5422
5431
5423
5432
5424
5433
5434
6555
5426
5435
5427
5436
5428
5437
5429
5438
5430
5439
5431
5440
5432
5441
5433
5442
5434
5443
5444
6600
5436
5445
5437
5446
5438
5447
5439
5448
5440
5449
5441
5450
5442
5451
5443
5452
5444
5453
5454
6645
5446
5455
5447
5456
5448
5457
5449
5458
5450
5459
5451
5460
5452
5461
5453
5462
5454
5463
5464
6690
5456
5465
5457
5466
5458
5467
5459
5468
5460
5469
5461
5470
5462
5471
5463
5472
5464
5473
5474
6735
5466
7500
5467
7501
5468
7502
5469
7503
5470
7504
5471
7505
5472
7506
5473
7507
5474
7508
6780
7509
5476
5520
5477
5521
5478
5522
5479
5523
5480
5524
5481
5525
5482
5526
5483
5527
5484
5528
5485
5529
5486
5530
5487
5531
5488
5532
5489
5533
5490
5534
5491
5535
5492
5536
5493
5537
5494
5538
5495
5539
5496
5540
5497
5541
5498
5542
5499
5543
5500
5544
5501
5545
5502
5546
5503
5547
5504
5548
5505
5549
5506
5550
5507
5551
5508
5552
5509
5553
5510
5554
5511
5555
5512
5556
5513
5557
5514
5558
5515
5559
5516
5560
5517
5561
5518
5562
5519
5563
5564
5521
5565
5522
5566
5523
5567
5524
5568
5525
5569
5526
5570
5527
5571
5528
5572
5529
5573
5530
5574
5531
5575
5532
5576
5533
5577
5534
5578
5535
5579
5536
5580
5537
5581
5538
5582
5539
5583
5540
5584
5541
5585
5542
5586
5543
5587
5544
5588
5545
5589
5546
5590
5547
5591
5548
5592
5549
5593
5550
5594
5551
5595
5552
5596
5553
5597
5554
5598
5555
5599
5556
5600
5557
5601
5558
5602
5559
5603
5560
5604
5561
5605
5562
5606
5563
5607
5564
5608
5609
5566
5610
5567
5611
5568
5612
5569
5613
5570
5614
5571
5615
5572
5616
5573
5617
5574
5618
5575
5619
5576
5620
5577
5621
5578
5622
5579
5623
5580
5624
5581
5625
5582
5626
5583
5627
5584
5628
5585
5629
5586
5630
5587
5631
5588
5632
5589
5633
5590
5634
5591
5635
5592
5636
5593
5637
5594
5638
5595
5639
5596
5640
5597
5641
5598
5642
5599
5643
5600
5644
5601
5645
5602
5646
5603
5647
5604
5648
5605
5649
5606
5650
5607
5651
5608
5652
5609
5653
5654
5611
5655
5612
5656
5613
5657
5614
5658
5615
5659
5616
5660
5617
5661
5618
5662
5619
5663
5620
5664
5621
5665
5622
5666
5623
5667
5624
5668
5625
5669
5626
5670
5627
5671
5628
5672
5629
5673
5630
5674
5631
5675
5632
5676
5633
5677
5634
5678
5635
5679
5636
5680
5637
5681
5638
5682
5639
5683
5640
5684
5641
5685
5642
5686
5643
5687
5644
5688
5645
5689
5646
5690
5647
5691
5648
5692
5649
5693
5650
5694
5651
5695
5652
5696
5653
5697
5654
5698
5699
5656
5700
5657
5701
5658
5702
5659
5703
5660
5704
5661
5705
5662
5706
5663
5707
5664
5708
5665
5709
5666
5710
5667
5711
5668
5712
5669
5713
5670
5714
5671
5715
5672
5716
5673
5717
5674
5718
5675
5719
5676
5720
5677
5721
5678
5722
5679
5723
5680
5724
5681
5725
5682
5726
5683
5727
5684
5728
5685
5729
5686
5730
5687
5731
5688
5732
5689
5733
5690
5734
5691
5735
5692
5736
5693
5737
5694
5738
5695
5739
5696
5740
5697
5741
5698
5742
5699
5743
5744
5701
5745
5702
5746
5703
5747
5704
5748
5705
5749
5706
5750
5707
5751
5708
5752
5709
5753
5710
5754
5711
5755
5712
5756
5713
5757
5714
5758
5715
5759
5716
5760
5717
5761
5718
5762
5719
5763
5720
5764
5721
5765
5722
5766
5723
5767
5724
5768
5725
5769
5726
5770
5727
5771
5728
5772
5729
5773
5730
5774
5731
5775
5732
5776
5733
5777
5734
5778
5735
5779
5736
5780
5737
5781
5738
5782
5739
5783
5740
5784
5741
5785
5742
5786
5743
5787
5744
5788
5789
5746
5790
5747
5791
5748
5792
5749
5793
5750
5794
5751
5795
5752
5796
5753
5797
5754
5798
5755
5799
5756
5800
5757
5801
5758
5802
5759
5803
5760
5804
5761
5805
5762
5806
5763
5807
5764
5808
5765
5809
5766
5810
5767
5811
5768
5812
5769
5813
5770
5814
5771
5815
5772
5816
5773
5817
5774
5818
5775
5819
5776
5820
5777
5821
5778
5822
5779
5823
5780
5824
5781
5825
5782
5826
5783
5827
5784
5828
5785
5829
5786
5830
5787
5831
5788
5832
5789
5833
5834
5791
5835
5792
5836
5793
5837
5794
5838
5795
5839
5796
5840
5797
5841
5798
5842
5799
5843
5800
5844
5801
5845
5802
5846
5803
5847
5804
5848
5805
5849
5806
5850
5807
5851
5808
5852
5809
5853
5810
5854
5811
5855
5812
5856
5813
5857
5814
5858
5815
5859
5816
5860
5817
5861
5818
5862
5819
5863
5820
5864
5821
5865
5822
5866
5823
5867
5824
5868
5825
5869
5826
5870
5827
5871
5828
5872
5829
5873
5830
5874
5831
5875
5832
5876
5833
5877
5834
5878
5879
5836
5880
5837
5881
5838
5882
5839
5883
5840
5884
5841
5885
5842
5886
5843
5887
5844
5888
5845
5889
5846
5890
5847
5891
5848
5892
5849
5893
5850
5894
5851
5895
5852
5896
5853
5897
5854
5898
5855
5899
5856
5900
5857
5901
5858
5902
5859
5903
5860
5904
5861
5905
5862
5906
5863
5907
5864
5908
5865
5909
5866
5910
5867
5911
5868
5912
5869
5913
5870
5914
5871
5915
5872
5916
5873
5917
5874
5918
5875
5919
5876
5920
5877
5921
5878
5922
5879
5923
5924
5881
5925
5882
5926
5883
5927
5884
5928
5885
5929
5886
5930
5887
5931
5888
5932
5889
5933
5890
5934
5891
5935
5892
5936
5893
5937
5894
5938
5895
5939
5896
5940
5897
5941
5898
5942
5899
5943
5900
5944
5901
5945
5902
5946
5903
5947
5904
5948
5905
5949
5906
5950
5907
5951
5908
5952
5909
5953
5910
5954
5911
5955
5912
5956
5913
5957
5914
5958
5915
5959
5916
5960
5917
5961
5918
5962
5919
5963
5920
5964
5921
5965
5922
5966
5923
5967
5924
5968
5969
5926
5970
5927
5971
5928
5972
5929
5973
5930
5974
5931
5975
5932
5976
5933
5977
5934
5978
5935
5979
5936
5980
5937
5981
5938
5982
5939
5983
5940
5984
5941
5985
5942
5986
5943
5987
5944
5988
5945
5989
5946
5990
5947
5991
5948
5992
5949
5993
5950
5994
5951
5995
5952
5996
5953
5997
5954
5998
5955
5999
5956
6000
5957
6001
5958
6002
5959
6003
5960
6004
5961
6005
5962
6006
5963
6007
5964
6008
5965
6009
5966
6010
5967
6011
5968
6012
5969
6013
6014
5971
6015
5972
6016
5973
6017
5974
6018
5975
6019
5976
6020
5977
6021
5978
6022
5979
6023
5980
6024
5981
6025
5982
6026
5983
6027
5984
6028
5985
6029
5986
6030
5987
6031
5988
6032
5989
6033
5990
6034
5991
6035
5992
6036
5993
6037
5994
6038
5995
6039
5996
6040
5997
6041
5998
6042
5999
6043
6000
6044
6001
6045
6002
6046
6003
6047
6004
6048
6005
6049
6006
6050
6007
6051
6008
6052
6009
6053
6010
6054
6011
6055
6012
6056
6013
6057
6014
6058
6059
6016
6060
6017
6061
6018
6062
6019
6063
6020
6064
6021
6065
6022
6066
6023
6067
6024
6068
6025
6069
6026
6070
6027
6071
6028
6072
6029
6073
6030
6074
6031
6075
6032
6076
6033
6077
6034
6078
6035
6079
6036
6080
6037
6081
6038
6082
6039
6083
6040
6084
6041
6085
6042
6086
6043
6087
6044
6088
6045
6089
6046
6090
6047
6091
6048
6092
6049
6093
6050
6094
6051
6095
6052
6096
6053
6097
6054
6098
6055
6099
6056
6100
6057
6101
6058
6102
6059
6103
6104
6061
6105
6062
6106
6063
6107
6064
6108
6065
6109
6066
6110
6067
6111
6068
6112
6069
6113
6070
6114
6071
6115
6072
6116
6073
6117
6074
6118
6075
6119
6076
6120
6077
6121
6078
6122
6079
6123
6080
6124
6081
6125
6082
6126
6083
6127
6084
6128
6085
6129
6086
6130
6087
6131
6088
6132
6089
6133
6090
6134
6091
6135
6092
6136
6093
6137
6094
6138
6095
6139
6096
6140
6097
6141
6098
6142
6099
6143
6100
6144
6101
6145
6102
6146
6103
6147
6104
6148
6149
6106
6150
6107
6151
6108
6152
6109
6153
6110
6154
6111
6155
6112
6156
6113
6157
6114
6158
6115
6159
6116
6160
6117
6161
6118
6162
6119
6163
6120
6164
6121
6165
6122
6166
6123
6167
6124
6168
6125
6169
6126
6170
6127
6171
6128
6172
6129
6173
6130
6174
6131
6175
6132
6176
6133
6177
6134
6178
6135
6179
6136
6180
6137
6181
6138
6182
6139
6183
6140
6184
6141
6185
6142
6186
6143
6187
6144
6188
6145
6189
6146
6190
6147
6191
6148
6192
6149
6193
6194
6151
6195
6152
6196
6153
6197
6154
6198
6155
6199
6156
6200
6157
6201
6158
6202
6159
6203
6160
6204
6161
6205
6162
6206
6163
6207
6164
6208
6165
6209
6166
6210
6167
6211
6168
6212
6169
6213
6170
6214
6171
6215
6172
6216
6173
6217
6174
6218
6175
6219
6176
6220
6177
6221
6178
6222
6179
6223
6180
6224
6181
6225
6182
6226
6183
6227
6184
6228
6185
6229
6186
6230
6187
6231
6188
6232
6189
6233
6190
6234
6191
6235
6192
6236
6193
6237
6194
6238
6239
6196
6240
6197
6241
6198
6242
6199
6243
6200
6244
6201
6245
6202
6246
6203
6247
6204
6248
6205
6249
6206
6250
6207
6251
6208
6252
6209
6253
6210
6254
6211
6255
6212
6256
6213
6257
6214
6258
6215
6259
6216
6260
6217
6261
6218
6262
6219
6263
6220
6264
6221
6265
6222
6266
6223
6267
6224
6268
6225
6269
6226
6270
6227
6271
6228
6272
6229
6273
6230
6274
6231
6275
6232
6276
6233
6277
6234
6278
6235
6279
6236
6280
6237
6281
6238
6282
6239
6283
6284
6241
6285
6242
6286
6243
6287
6244
6288
6245
6289
6246
6290
6247
6291
6248
6292
6249
6293
6250
6294
6251
6295
6252
6296
6253
6297
6254
6298
6255
6299
6256
6300
6257
6301
6258
6302
6259
6303
6260
6304
6261
6305
6262
6306
6263
6307
6264
6308
6265
6309
6266
6310
6267
6311
6268
6312
6269
6313
6270
6314
6271
6315
6272
6316
6273
6317
6274
6318
6275
6319
6276
6320
6277
6321
6278
6322
6279
6323
6280
6324
6281
6325
6282
6326
6283
6327
6284
6328
6329
6286
6330
6287
6331
6288
6332
6289
6333
6290
6334
6291
6335
6292
6336
6293
6337
6294
6338
6295
6339
6296
6340
6297
6341
6298
6342
6299
6343
6300
6344
6301
6345
6302
6346
6303
6347
6304
6348
6305
6349
6306
6350
6307
6351
6308
6352
6309
6353
6310
6354
6311
6355
6312
6356
6313
6357
6314
6358
6315
6359
6316
6360
6317
6361
6318
6362
6319
6363
6320
6364
6321
6365
6322
6366
6323
6367
6324
6368
6325
6369
6326
6370
6327
6371
6328
6372
6329
6373
6374
6331
6375
6332
6376
6333
6377
6334
6378
6335
6379
6336
6380
6337
6381
6338
6382
6339
6383
6340
6384
6341
6385
6342
6386
6343
6387
6344
6388
6345
6389
6346
6390
6347
6391
6348
6392
6349
6393
6350
6394
6351
6395
6352
6396
6353
6397
6354
6398
6355
6399
6356
6400
6357
6401
6358
6402
6359
6403
6360
6404
6361
6405
6362
6406
6363
6407
6364
6408
6365
6409
6366
6410
6367
6411
6368
6412
6369
6413
6370
6414
6371
6415
6372
6416
6373
6417
6374
6418
6419
6376
6420
6377
6421
6378
6422
6379
6423
6380
6424
6381
6425
6382
6426
6383
6427
6384
6428
6385
6429
6386
6430
6387
6431
6388
6432
6389
6433
6390
6434
6391
6435
6392
6436
6393
6437
6394
6438
6395
6439
6396
6440
6397
6441
6398
6442
6399
6443
6400
6444
6401
6445
6402
6446
6403
6447
6404
6448
6405
6449
6406
6450
6407
6451
6408
6452
6409
6453
6410
6454
6411
6455
6412
6456
6413
6457
6414
6458
6415
6459
6416
6460
6417
6461
6418
6462
6419
6463
6464
6421
6465
6422
6466
6423
6467
6424
6468
6425
6469
6426
6470
6427
6471
6428
6472
6429
6473
6430
6474
6431
6475
6432
6476
6433
6477
6434
6478
6435
6479
6436
6480
6437
6481
6438
6482
6439
6483
6440
6484
6441
6485
6442
6486
6443
6487
6444
6488
6445
6489
6446
6490
6447
6491
6448
6492
6449
6493
6450
6494
6451
6495
6452
6496
6453
6497
6454
6498
6455
6499
6456
6500
6457
6501
6458
6502
6459
6503
6460
6504
6461
6505
6462
6506
6463
6507
6464
6508
6509
6466
6510
6467
6511
6468
6512
6469
6513
6470
6514
6471
6515
6472
6516
6473
6517
6474
6518
6475
6519
6476
6520
6477
6521
6478
6522
6479
6523
6480
6524
6481
6525
6482
6526
6483
6527
6484
6528
6485
6529
6486
6530
6487
6531
6488
6532
6489
6533
6490
6534
6491
6535
6492
6536
6493
6537
6494
6538
6495
6539
6496
6540
6497
6541
6498
6542
6499
6543
6500
6544
6501
6545
6502
6546
6503
6547
6504
6548
6505
6549
6506
6550
6507
6551
6508
6552
6509
6553
6554
6511
6555
6512
6556
6513
6557
6514
6558
6515
6559
6516
6560
6517
6561
6518
6562
6519
6563
6520
6564
6521
6565
6522
6566
6523
6567
6524
6568
6525
6569
6526
6570
6527
6571
6528
6572
6529
6573
6530
6574
6531
6575
6532
6576
6533
6577
6534
6578
6535
6579
6536
6580
6537
6581
6538
6582
6539
6583
6540
6584
6541
6585
6542
6586
6543
6587
6544
6588
6545
6589
6546
6590
6547
6591
6548
6592
6549
6593
6550
6594
6551
6595
6552
6596
6553
6597
6554
6598
6599
6556
6600
6557
6601
6558
6602
6559
6603
6560
6604
6561
6605
6562
6606
6563
6607
6564
6608
6565
6609
6566
6610
6567
6611
6568
6612
6569
6613
6570
6614
6571
6615
6572
6616
6573
6617
6574
6618
6575
6619
6576
6620
6577
6621
6578
6622
6579
6623
6580
6624
6581
6625
6582
6626
6583
6627
6584
6628
6585
6629
6586
6630
6587
6631
6588
6632
6589
6633
6590
6634
6591
6635
6592
6636
6593
6637
6594
6638
6595
6639
6596
6640
6597
6641
6598
6642
6599
6643
6644
6601
6645
6602
6646
6603
6647
6604
6648
6605
6649
6606
6650
6607
6651
6608
6652
6609
6653
6610
6654
6611
6655
6612
6656
6613
6657
6614
6658
6615
6659
6616
6660
6617
6661
6618
6662
6619
6663
6620
6664
6621
6665
6622
6666
6623
6667
6624
6668
6625
6669
6626
6670
6627
6671
6628
6672
6629
6673
6630
6674
6631
6675
6632
6676
6633
6677
6634
6678
6635
6679
6636
6680
6637
6681
6638
6682
6639
6683
6640
6684
6641
6685
6642
6686
6643
6687
6644
6688
6689
6646
6690
6647
6691
6648
6692
6649
6693
6650
6694
6651
6695
6652
6696
6653
6697
6654
6698
6655
6699
6656
6700
6657
6701
6658
6702
6659
6703
6660
6704
6661
6705
6662
6706
6663
6707
6664
6708
6665
6709
6666
6710
6667
6711
6668
6712
6669
6713
6670
6714
6671
6715
6672
6716
6673
6717
6674
6718
6675
6719
6676
6720
6677
6721
6678
6722
6679
6723
6680
6724
6681
6725
6682
6726
6683
6727
6684
6728
6685
6729
6686
6730
6687
6731
6688
6732
6689
6733
6734
6691
6735
6692
6736
6693
6737
6694
6738
6695
6739
6696
6740
6697
6741
6698
6742
6699
6743
6700
6744
6701
6745
6702
6746
6703
6747
6704
6748
6705
6749
6706
6750
6707
6751
6708
6752
6709
6753
6710
6754
6711
6755
6712
6756
6713
6757
6714
6758
6715
6759
6716
6760
6717
6761
6718
6762
6719
6763
6720
6764
6721
6765
6722
6766
6723
6767
6724
6768
6725
6769
6726
6770
6727
6771
6728
6772
6729
6773
6730
6774
6731
6775
6732
6776
6733
6777
6734
6778
6779
6736
6780
6737
6781
6738
6782
6739
6783
6740
6784
6741
6785
6742
6786
6743
6787
6744
6788
6745
6789
6746
6790
6747
6791
6748
6792
6749
6793
6750
6794
6751
6795
6752
6796
6753
6797
6754
6798
6755
6799
6756
6800
6757
6801
6758
6802
6759
6803
6760
6804
6761
6805
6762
6806
6763
6807
6764
6808
6765
6809
6766
6810
6767
6811
6768
6812
6769
6813
6770
6814
6771
6815
6772
6816
6773
6817
6774
6818
6775
6819
6776
6820
6777
6821
6778
6822
6779
6823
6824
6781
6825
6782
6826
6783
6827
6784
6828
6785
6829
6786
6830
6787
6831
6788
6832
6789
6833
6790
6834
6791
6835
6792
6836
6793
6837
6794
6838
6795
6839
6796
6840
6797
6841
6798
6842
6799
6843
6800
6844
6801
6845
6802
6846
6803
6847
6804
6848
6805
6849
6806
6850
6807
6851
6808
6852
6809
6853
6810
6854
6811
6855
6812
6856
6813
6857
6814
6858
6815
6859
6816
6860
6817
6861
6818
6862
6819
6863
6820
6864
6821
6865
6822
6866
6823
6867
6824
6868
6869
6826
6870
7509
6827
6871
6828
6872
6829
6873
6830
6874
6831
6875
6832
6876
6833
6877
6834
6878
6835
6879
6836
6880
6837
6881
6838
6882
6839
6883
6840
6884
6841
6885
6842
6886
6843
6887
6844
6888
6845
6889
6846
6890
6847
6891
6848
6892
6849
6893
6850
6894
6851
6895
6852
6896
6853
6897
6854
6898
6855
6899
6856
6900
6857
6901
6858
6902
6859
6903
6860
6904
6861
6905
6862
6906
6863
6907
6864
6908
6865
6909
6866
6910
6867
6911
6868
6912
6869
6913
6914
6871
6915
7519
6872
6916
6873
6917
6874
6918
6875
6919
6876
6920
6877
6921
6878
6922
6879
6923
6880
6924
6881
6925
6882
6926
6883
6927
6884
6928
6885
6929
6886
6930
6887
6931
6888
6932
6889
6933
6890
6934
6891
6935
6892
6936
6893
6937
6894
6938
6895
6939
6896
6940
6897
6941
6898
6942
6899
6943
6900
6944
6901
6945
6902
6946
6903
6947
6904
6948
6905
6949
6906
6950
6907
6951
6908
6952
6909
6953
6910
6954
6911
6955
6912
6956
6913
6957
6914
6958
6959
6916
6960
7529
6917
6961
6918
6962
6919
6963
6920
6964
6921
6965
6922
6966
6923
6967
6924
6968
6925
6969
6926
6970
6927
6971
6928
6972
6929
6973
6930
6974
6931
6975
6932
6976
6933
6977
6934
6978
6935
6979
6936
6980
6937
6981
6938
6982
6939
6983
6940
6984
6941
6985
6942
6986
6943
6987
6944
6988
6945
6989
6946
6990
6947
6991
6948
6992
6949
6993
6950
6994
6951
6995
6952
6996
6953
6997
6954
6998
6955
6999
6956
7000
6957
7001
6958
7002
6959
7003
7004
6961
7005
7539
6962
7006
6963
7007
6964
7008
6965
7009
6966
7010
6967
7011
6968
7012
6969
7013
6970
7014
6971
7015
6972
7016
6973
7017
6974
7018
6975
7019
6976
7020
6977
7021
6978
7022
6979
7023
6980
7024
6981
7025
6982
7026
6983
7027
6984
7028
6985
7029
6986
7030
6987
7031
6988
7032
6989
7033
6990
7034
6991
7035
6992
7036
6993
7037
6994
7038
6995
7039
6996
7040
6997
7041
6998
7042
6999
7043
7000
7044
7001
7045
7002
7046
7003
7047
7004
7048
7049
7006
7050
7549
7007
7051
7008
7052
7009
7053
7010
7054
7011
7055
7012
7056
7013
7057
7014
7058
7015
7059
7016
7060
7017
7061
7018
7062
7019
7063
7020
7064
7021
7065
7022
7066
7023
7067
7024
7068
7025
7069
7026
7070
7027
7071
7028
7072
7029
7073
7030
7074
7031
7075
7032
7076
7033
7077
7034
7078
7035
7079
7036
7080
7037
7081
7038
7082
7039
7083
7040
7084
7041
7085
7042
7086
7043
7087
7044
7088
7045
7089
7046
7090
7047
7091
7048
7092
7049
7093
7094
7051
7095
7559
7052
7096
7053
7097
7054
7098
7055
7099
7056
7100
7057
7101
7058
7102
7059
7103
7060
7104
7061
7105
7062
7106
7063
7107
7064
7108
7065
7109
7066
7110
7067
7111
7068
7112
7069
7113
7070
7114
7071
7115
7072
7116
7073
7117
7074
7118
7075
7119
7076
7120
7077
7121
7078
7122
7079
7123
7080
7124
7081
7125
7082
7126
7083
7127
7084
7128
7085
7129
7086
7130
7087
7131
7088
7132
7089
7133
7090
7134
7091
7135
7092
7136
7093
7137
7094
7138
7139
7096
7140
7569
7097
7141
7098
7142
7099
7143
7100
7144
7101
7145
7102
7146
7103
7147
7104
7148
7105
7149
7106
7150
7107
7151
7108
7152
7109
7153
7110
7154
7111
7155
7112
7156
7113
7157
7114
7158
7115
7159
7116
7160
7117
7161
7118
7162
7119
7163
7120
7164
7121
7165
7122
7166
7123
7167
7124
7168
7125
7169
7126
7170
7127
7171
7128
7172
7129
7173
7130
7174
7131
7175
7132
7176
7133
7177
7134
7178
7135
7179
7136
7180
7137
7181
7138
7182
7139
7183
7184
7141
7185
7579
7142
7186
7143
7187
7144
7188
7145
7189
7146
7190
7147
7191
7148
7192
7149
7193
7150
7194
7151
7195
7152
7196
7153
7197
7154
7198
7155
7199
7156
7200
7157
7201
7158
7202
7159
7203
7160
7204
7161
7205
7162
7206
7163
7207
7164
7208
7165
7209
7166
7210
7167
7211
7168
7212
7169
7213
7170
7214
7171
7215
7172
7216
7173
7217
7174
7218
7175
7219
7176
7220
7177
7221
7178
7222
7179
7223
7180
7224
7181
7225
7182
7226
7183
7227
7184
7228
7229
7186
7230
7589
7187
7231
7188
7232
7189
7233
7190
7234
7191
7235
7192
7236
7193
7237
7194
7238
7195
7239
7196
7240
7197
7241
7198
7242
7199
7243
7200
7244
7201
7245
7202
7246
7203
7247
7204
7248
7205
7249
7206
7250
7207
7251
7208
7252
7209
7253
7210
7254
7211
7255
7212
7256
7213
7257
7214
7258
7215
7259
7216
7260
7217
7261
7218
7262
7219
7263
7220
7264
7221
7265
7222
7266
7223
7267
7224
7268
7225
7269
7226
7270
7227
7271
7228
7272
7229
7273
7274
7231
7275
7599
7232
7276
7233
7277
7234
7278
7235
7279
7236
7280
7237
7281
7238
7282
7239
7283
7240
7284
7241
7285
7242
7286
7243
7287
7244
7288
7245
7289
7246
7290
7247
7291
7248
7292
7249
7293
7250
7294
7251
7295
7252
7296
7253
7297
7254
7298
7255
7299
7256
7300
7257
7301
7258
7302
7259
7303
7260
7304
7261
7305
7262
7306
7263
7307
7264
7308
7265
7309
7266
7310
7267
7311
7268
7312
7269
7313
7270
7314
7271
7315
7272
7316
7273
7317
7274
7318
7319
7276
7320
7609
7277
7321
7278
7322
7279
7323
7280
7324
7281
7325
7282
7326
7283
7327
7284
7328
7285
7329
7286
7330
7287
7331
7288
7332
7289
7333
7290
7334
7291
7335
7292
7336
7293
7337
7294
7338
7295
7339
7296
7340
7297
7341
7298
7342
7299
7343
7300
7344
7301
7345
7302
7346
7303
7347
7304
7348
7305
7349
7306
7350
7307
7351
7308
7352
7309
7353
7310
7354
7311
7355
7312
7356
7313
7357
7314
7358
7315
7359
7316
7360
7317
7361
7318
7362
7319
7363
7364
7321
7365
7619
7322
7366
7323
7367
7324
7368
7325
7369
7326
7370
7327
7371
7328
7372
7329
7373
7330
7374
7331
7375
7332
7376
7333
7377
7334
7378
7335
7379
7336
7380
7337
7381
7338
7382
7339
7383
7340
7384
7341
7385
7342
7386
7343
7387
7344
7388
7345
7389
7346
7390
7347
7391
7348
7392
7349
7393
7350
7394
7351
7395
7352
7396
7353
7397
7354
7398
7355
7399
7356
7400
7357
7401
7358
7402
7359
7403
7360
7404
7361
7405
7362
7406
7363
7407
7364
7408
7409
7366
7410
7629
7367
7411
7368
7412
7369
7413
7370
7414
7371
7415
7372
7416
7373
7417
7374
7418
7375
7419
7376
7420
7377
7421
7378
7422
7379
7423
7380
7424
7381
7425
7382
7426
7383
7427
7384
7428
7385
7429
7386
7430
7387
7431
7388
7432
7389
7433
7390
7434
7391
7435
7392
7436
7393
7437
7394
7438
7395
7439
7396
7440
7397
7441
7398
7442
7399
7443
7400
7444
7401
7445
7402
7446
7403
7447
7404
7448
7405
7449
7406
7450
7407
7451
7408
7452
7409
7453
7454
7411
7455
7639
7412
7456
7413
7457
7414
7458
7415
7459
7416
7460
7417
7461
7418
7462
7419
7463
7420
7464
7421
7465
7422
7466
7423
7467
7424
7468
7425
7469
7426
7470
7427
7471
7428
7472
7429
7473
7430
7474
7431
7475
7432
7476
7433
7477
7434
7478
7435
7479
7436
7480
7437
7481
7438
7482
7439
7483
7440
7484
7441
7485
7442
7486
7443
7487
7444
7488
7445
7489
7446
7490
7447
7491
7448
7492
7449
7493
7450
7494
7451
7495
7452
7496
7453
7497
7454
7498
7499
7456
7649
7457
7458
7459
7460
7461
7462
7463
7464
7465
7466
7467
7468
7469
7470
7471
7472
7473
7474
7475
7476
7477
7478
7479
7480
7481
7482
7483
7484
7485
7486
7487
7488
7489
7490
7491
7492
7493
7494
7495
7496
7497
7498
7499
7501
7510
7679
7502
7511
7503
7512
7504
7513
7505
7514
7506
7515
7507
7516
7508
7517
7509
7518
7519
7511
7520
7709
7512
7521
7513
7522
7514
7523
7515
7524
7516
7525
7517
7526
7518
7527
7519
7528
7529
7521
7530
7739
7522
7531
7523
7532
7524
7533
7525
7534
7526
7535
7527
7536
7528
7537
7529
7538
7539
7531
7540
7769
7532
7541
7533
7542
7534
7543
7535
7544
7536
7545
7537
7546
7538
7547
7539
7548
7549
7541
7550
7799
7542
7551
7543
7552
7544
7553
7545
7554
7546
7555
7547
7556
7548
7557
7549
7558
7559
7551
7560
7829
7552
7561
7553
7562
7554
7563
7555
7564
7556
7565
7557
7566
7558
7567
7559
7568
7569
7561
7570
7859
7562
7571
7563
7572
7564
7573
7565
7574
7566
7575
7567
7576
7568
7577
7569
7578
7579
7571
7580
7889
7572
7581
7573
7582
7574
7583
7575
7584
7576
7585
7577
7586
7578
7587
7579
7588
7589
7581
7590
7919
7582
7591
7583
7592
7584
7593
7585
7594
7586
7595
7587
7596
7588
7597
7589
7598
7599
7591
7600
7949
7592
7601
7593
7602
7594
7603
7595
7604
7596
7605
7597
7606
7598
7607
7599
7608
7609
7601
7610
7979
7602
7611
7603
7612
7604
7613
7605
7614
7606
7615
7607
7616
7608
7617
7609
7618
7619
7611
7620
8009
7612
7621
7613
7622
7614
7623
7615
7624
7616
7625
7617
7626
7618
7627
7619
7628
7629
7621
7630
8039
7622
7631
7623
7632
7624
7633
7625
7634
7626
7635
7627
7636
7628
7637
7629
7638
7639
7631
7640
8069
7632
7641
7633
7642
7634
7643
7635
7644
7636
7645
7637
7646
7638
7647
7639
7648
7649
7641
8099
7642
7643
7644
7645
7646
7647
7648
7649
7651
7680
8119
7652
7681
7653
7682
7654
7683
7655
7684
7656
7685
7657
7686
7658
7687
7659
7688
7660
7689
7661
7690
7662
7691
7663
7692
7664
7693
7665
7694
7666
7695
7667
7696
7668
7697
7669
7698
7670
7699
7671
7700
7672
7701
7673
7702
7674
7703
7675
7704
7676
7705
7677
7706
7678
7707
7679
7708
7709
7681
7710
8139
7682
7711
7683
7712
7684
7713
7685
7714
7686
7715
7687
7716
7688
7717
7689
7718
7690
7719
7691
7720
7692
7721
7693
7722
7694
7723
7695
7724
7696
7725
7697
7726
7698
7727
7699
7728
7700
7729
7701
7730
7702
7731
7703
7732
7704
7733
7705
7734
7706
7735
7707
7736
7708
7737
7709
7738
7739
7711
7740
8159
7712
7741
7713
7742
7714
7743
7715
7744
7716
7745
7717
7746
7718
7747
7719
7748
7720
7749
7721
7750
7722
7751
7723
7752
7724
7753
7725
7754
7726
7755
7727
7756
7728
7757
7729
7758
7730
7759
7731
7760
7732
7761
7733
7762
7734
7763
7735
7764
7736
7765
7737
7766
7738
7767
7739
7768
7769
7741
7770
8179
7742
7771
7743
7772
7744
7773
7745
7774
7746
7775
7747
7776
7748
7777
7749
7778
7750
7779
7751
7780
7752
7781
7753
7782
7754
7783
7755
7784
7756
7785
7757
7786
7758
7787
7759
7788
7760
7789
7761
7790
7762
7791
7763
7792
7764
7793
7765
7794
7766
7795
7767
7796
7768
7797
7769
7798
7799
7771
7800
8199
7772
7801
7773
7802
7774
7803
7775
7804
7776
7805
7777
7806
7778
7807
7779
7808
7780
7809
7781
7810
7782
7811
7783
7812
7784
7813
7785
7814
7786
7815
7787
7816
7788
7817
7789
7818
7790
7819
7791
7820
7792
7821
7793
7822
7794
7823
7795
7824
7796
7825
7797
7826
7798
7827
7799
7828
7829
7801
7830
8219
7802
7831
7803
7832
7804
7833
7805
7834
7806
7835
7807
7836
7808
7837
7809
7838
7810
7839
7811
7840
7812
7841
7813
7842
7814
7843
7815
7844
7816
7845
7817
7846
7818
7847
7819
7848
7820
7849
7821
7850
7822
7851
7823
7852
7824
7853
7825
7854
7826
7855
7827
7856
7828
7857
7829
7858
7859
7831
7860
8239
7832
7861
7833
7862
7834
7863
7835
7864
7836
7865
7837
7866
7838
7867
7839
7868
7840
7869
7841
7870
7842
7871
7843
7872
7844
7873
7845
7874
7846
7875
7847
7876
7848
7877
7849
7878
7850
7879
7851
7880
7852
7881
7853
7882
7854
7883
7855
7884
7856
7885
7857
7886
7858
7887
7859
7888
7889
7861
7890
8259
7862
7891
7863
7892
7864
7893
7865
7894
7866
7895
7867
7896
7868
7897
7869
7898
7870
7899
7871
7900
7872
7901
7873
7902
7874
7903
7875
7904
7876
7905
7877
7906
7878
7907
7879
7908
7880
7909
7881
7910
7882
7911
7883
7912
7884
7913
7885
7914
7886
7915
7887
7916
7888
7917
7889
7918
7919
7891
7920
8279
7892
7921
7893
7922
7894
7923
7895
7924
7896
7925
7897
7926
7898
7927
7899
7928
7900
7929
7901
7930
7902
7931
7903
7932
7904
7933
7905
7934
7906
7935
7907
7936
7908
7937
7909
7938
7910
7939
7911
7940
7912
7941
7913
7942
7914
7943
7915
7944
7916
7945
7917
7946
7918
7947
7919
7948
7949
7921
7950
8299
7922
7951
7923
7952
7924
7953
7925
7954
7926
7955
7927
7956
7928
7957
7929
7958
7930
7959
7931
7960
7932
7961
7933
7962
7934
7963
7935
7964
7936
7965
7937
7966
7938
7967
7939
7968
7940
7969
7941
7970
7942
7971
7943
7972
7944
7973
7945
7974
7946
7975
7947
7976
7948
7977
7949
7978
7979
7951
7980
8319
7952
7981
7953
7982
7954
7983
7955
7984
7956
7985
7957
7986
7958
7987
7959
7988
7960
7989
7961
7990
7962
7991
7963
7992
7964
7993
7965
7994
7966
7995
7967
7996
7968
7997
7969
7998
7970
7999
7971
8000
7972
8001
7973
8002
7974
8003
7975
8004
7976
8005
7977
8006
7978
8007
7979
8008
8009
7981
8010
8339
7982
8011
7983
8012
7984
8013
7985
8014
7986
8015
7987
8016
7988
8017
7989
8018
7990
8019
7991
8020
7992
8021
7993
8022
7994
8023
7995
8024
7996
8025
7997
8026
7998
8027
7999
8028
8000
8029
8001
8030
8002
8031
8003
8032
8004
8033
8005
8034
8006
8035
8007
8036
8008
8037
8009
8038
8039
8011
8040
8359
8012
8041
8013
8042
8014
8043
8015
8044
8016
8045
8017
8046
8018
8047
8019
8048
8020
8049
8021
8050
8022
8051
8023
8052
8024
8053
8025
8054
8026
8055
8027
8056
8028
8057
8029
8058
8030
8059
8031
8060
8032
8061
8033
8062
8034
8063
8035
8064
8036
8065
8037
8066
8038
8067
8039
8068
8069
8041
8070
8379
8042
8071
8043
8072
8044
8073
8045
8074
8046
8075
8047
8076
8048
8077
8049
8078
8050
8079
8051
8080
8052
8081
8053
8082
8054
8083
8055
8084
8056
8085
8057
8086
8058
8087
8059
8088
8060
8089
8061
8090
8062
8091
8063
8092
8064
8093
8065
8094
8066
8095
8067
8096
8068
8097
8069
8098
8099
8071
8399
8072
8073
8074
8075
8076
8077
8078
8079
8080
8081
8082
8083
8084
8085
8086
8087
8088
8089
8090
8091
8092
8093
8094
8095
8096
8097
8098
8099
8101
8120
8980
8102
8121
8981
8103
8122
8982
8104
8123
8983
8105
8124
8984
8106
8125
8985
8107
8126
8986
8108
8127
8987
8109
8128
8988
8110
8129
8989
8111
8130
8990
8112
8131
8991
8113
8132
8992
8114
8133
8993
8115
8134
8994
8116
8135
8995
8117
8136
8996
8118
8137
8997
8119
8138
8998
8139
8999
8121
8140
8122
8141
8123
8142
8124
8143
8125
8144
8126
8145
8127
8146
8128
8147
8129
8148
8130
8149
8131
8150
8132
8151
8133
8152
8134
8153
8135
8154
8136
8155
8137
8156
8138
8157
8139
8158
8159
8141
8160
8142
8161
8143
8162
8144
8163
8145
8164
8146
8165
8147
8166
8148
8167
8149
8168
8150
8169
8151
8170
8152
8171
8153
8172
8154
8173
8155
8174
8156
8175
8157
8176
8158
8177
8159
8178
8179
8161
8180
8162
8181
8163
8182
8164
8183
8165
8184
8166
8185
8167
8186
8168
8187
8169
8188
8170
8189
8171
8190
8172
8191
8173
8192
8174
8193
8175
8194
8176
8195
8177
8196
8178
8197
8179
8198
8199
8181
8200
8182
8201
8183
8202
8184
8203
8185
8204
8186
8205
8187
8206
8188
8207
8189
8208
8190
8209
8191
8210
8192
8211
8193
8212
8194
8213
8195
8214
8196
8215
8197
8216
8198
8217
8199
8218
8219
8201
8220
8202
8221
8203
8222
8204
8223
8205
8224
8206
8225
8207
8226
8208
8227
8209
8228
8210
8229
8211
8230
8212
8231
8213
8232
8214
8233
8215
8234
8216
8235
8217
8236
8218
8237
8219
8238
8239
8221
8240
8222
8241
8223
8242
8224
8243
8225
8244
8226
8245
8227
8246
8228
8247
8229
8248
8230
8249
8231
8250
8232
8251
8233
8252
8234
8253
8235
8254
8236
8255
8237
8256
8238
8257
8239
8258
8259
8241
8260
8242
8261
8243
8262
8244
8263
8245
8264
8246
8265
8247
8266
8248
8267
8249
8268
8250
8269
8251
8270
8252
8271
8253
8272
8254
8273
8255
8274
8256
8275
8257
8276
8258
8277
8259
8278
8279
8261
8280
8262
8281
8263
8282
8264
8283
8265
8284
8266
8285
8267
8286
8268
8287
8269
8288
8270
8289
8271
8290
8272
8291
8273
8292
8274
8293
8275
8294
8276
8295
8277
8296
8278
8297
8279
8298
8299
8281
8300
8282
8301
8283
8302
8284
8303
8285
8304
8286
8305
8287
8306
8288
8307
8289
8308
8290
8309
8291
8310
8292
8311
8293
8312
8294
8313
8295
8314
8296
8315
8297
8316
8298
8317
8299
8318
8319
8301
8320
8302
8321
8303
8322
8304
8323
8305
8324
8306
8325
8307
8326
8308
8327
8309
8328
8310
8329
8311
8330
8312
8331
8313
8332
8314
8333
8315
8334
8316
8335
8317
8336
8318
8337
8319
8338
8339
8321
8340
8322
8341
8323
8342
8324
8343
8325
8344
8326
8345
8327
8346
8328
8347
8329
8348
8330
8349
8331
8350
8332
8351
8333
8352
8334
8353
8335
8354
8336
8355
8337
8356
8338
8357
8339
8358
8359
8341
8360
8342
8361
8343
8362
8344
8363
8345
8364
8346
8365
8347
8366
8348
8367
8349
8368
8350
8369
8351
8370
8352
8371
8353
8372
8354
8373
8355
8374
8356
8375
8357
8376
8358
8377
8359
8378
8379
8361
8380
8362
8381
8363
8382
8364
8383
8365
8384
8366
8385
8367
8386
8368
8387
8369
8388
8370
8389
8371
8390
8372
8391
8373
8392
8374
8393
8375
8394
8376
8395
8377
8396
8378
8397
8379
8398
8399
8381
8382
8383
8384
8385
8386
8387
8388
8389
8390
8391
8392
8393
8394
8395
8396
8397
8398
8399
8401
8420
8402
8421
8403
8422
8404
8423
8405
8424
8406
8425
8407
8426
8408
8427
8409
8428
8410
8429
8411
8430
8412
8431
8413
8432
8414
8433
8415
8434
8416
8435
8417
8436
8418
8437
8419
8438
8439
8421
8440
8422
8441
8423
8442
8424
8443
8425
8444
8426
8445
8427
8446
8428
8447
8429
8448
8430
8449
8431
8450
8432
8451
8433
8452
8434
8453
8435
8454
8436
8455
8437
8456
8438
8457
8439
8458
8459
8441
8460
8442
8461
8443
8462
8444
8463
8445
8464
8446
8465
8447
8466
8448
8467
8449
8468
8450
8469
8451
8470
8452
8471
8453
8472
8454
8473
8455
8474
8456
8475
8457
8476
8458
8477
8459
8478
8479
8461
8480
8462
8481
8463
8482
8464
8483
8465
8484
8466
8485
8467
8486
8468
8487
8469
8488
8470
8489
8471
8490
8472
8491
8473
8492
8474
8493
8475
8494
8476
8495
8477
8496
8478
8497
8479
8498
8499
8481
8500
8482
8501
8483
8502
8484
8503
8485
8504
8486
8505
8487
8506
8488
8507
8489
8508
8490
8509
8491
8510
8492
8511
8493
8512
8494
8513
8495
8514
8496
8515
8497
8516
8498
8517
8499
8518
8519
8501
8520
8502
8521
8503
8522
8504
8523
8505
8524
8506
8525
8507
8526
8508
8527
8509
8528
8510
8529
8511
8530
8512
8531
8513
8532
8514
8533
8515
8534
8516
8535
8517
8536
8518
8537
8519
8538
8539
8521
8540
8522
8541
8523
8542
8524
8543
8525
8544
8526
8545
8527
8546
8528
8547
8529
8548
8530
8549
8531
8550
8532
8551
8533
8552
8534
8553
8535
8554
8536
8555
8537
8556
8538
8557
8539
8558
8559
8541
8560
8542
8561
8543
8562
8544
8563
8545
8564
8546
8565
8547
8566
8548
8567
8549
8568
8550
8569
8551
8570
8552
8571
8553
8572
8554
8573
8555
8574
8556
8575
8557
8576
8558
8577
8559
8578
8579
8561
8580
8562
8581
8563
8582
8564
8583
8565
8584
8566
8585
8567
8586
8568
8587
8569
8588
8570
8589
8571
8590
8572
8591
8573
8592
8574
8593
8575
8594
8576
8595
8577
8596
8578
8597
8579
8598
8599
8581
8600
8582
8601
8583
8602
8584
8603
8585
8604
8586
8605
8587
8606
8588
8607
8589
8608
8590
8609
8591
8610
8592
8611
8593
8612
8594
8613
8595
8614
8596
8615
8597
8616
8598
8617
8599
8618
8619
8601
8620
8602
8621
8603
8622
8604
8623
8605
8624
8606
8625
8607
8626
8608
8627
8609
8628
8610
8629
8611
8630
8612
8631
8613
8632
8614
8633
8615
8634
8616
8635
8617
8636
8618
8637
8619
8638
8639
8621
8640
8622
8641
8623
8642
8624
8643
8625
8644
8626
8645
8627
8646
8628
8647
8629
8648
8630
8649
8631
8650
8632
8651
8633
8652
8634
8653
8635
8654
8636
8655
8637
8656
8638
8657
8639
8658
8659
8641
8660
8642
8661
8643
8662
8644
8663
8645
8664
8646
8665
8647
8666
8648
8667
8649
8668
8650
8669
8651
8670
8652
8671
8653
8672
8654
8673
8655
8674
8656
8675
8657
8676
8658
8677
8659
8678
8679
8661
8680
8662
8681
8663
8682
8664
8683
8665
8684
8666
8685
8667
8686
8668
8687
8669
8688
8670
8689
8671
8690
8672
8691
8673
8692
8674
8693
8675
8694
8676
8695
8677
8696
8678
8697
8679
8698
8699
8681
8700
8682
8701
8683
8702
8684
8703
8685
8704
8686
8705
8687
8706
8688
8707
8689
8708
8690
8709
8691
8710
8692
8711
8693
8712
8694
8713
8695
8714
8696
8715
8697
8716
8698
8717
8699
8718
8719
8701
8720
8702
8721
8703
8722
8704
8723
8705
8724
8706
8725
8707
8726
8708
8727
8709
8728
8710
8729
8711
8730
8712
8731
8713
8732
8714
8733
8715
8734
8716
8735
8717
8736
8718
8737
8719
8738
8739
8721
8740
8722
8741
8723
8742
8724
8743
8725
8744
8726
8745
8727
8746
8728
8747
8729
8748
8730
8749
8731
8750
8732
8751
8733
8752
8734
8753
8735
8754
8736
8755
8737
8756
8738
8757
8739
8758
8759
8741
8760
8742
8761
8743
8762
8744
8763
8745
8764
8746
8765
8747
8766
8748
8767
8749
8768
8750
8769
8751
8770
8752
8771
8753
8772
8754
8773
8755
8774
8756
8775
8757
8776
8758
8777
8759
8778
8779
8761
8780
8762
8781
8763
8782
8764
8783
8765
8784
8766
8785
8767
8786
8768
8787
8769
8788
8770
8789
8771
8790
8772
8791
8773
8792
8774
8793
8775
8794
8776
8795
8777
8796
8778
8797
8779
8798
8799
8781
8800
8782
8801
8783
8802
8784
8803
8785
8804
8786
8805
8787
8806
8788
8807
8789
8808
8790
8809
8791
8810
8792
8811
8793
8812
8794
8813
8795
8814
8796
8815
8797
8816
8798
8817
8799
8818
8819
8801
8820
8802
8821
8803
8822
8804
8823
8805
8824
8806
8825
8807
8826
8808
8827
8809
8828
8810
8829
8811
8830
8812
8831
8813
8832
8814
8833
8815
8834
8816
8835
8817
8836
8818
8837
8819
8838
8839
8821
8840
8822
8841
8823
8842
8824
8843
8825
8844
8826
8845
8827
8846
8828
8847
8829
8848
8830
8849
8831
8850
8832
8851
8833
8852
8834
8853
8835
8854
8836
8855
8837
8856
8838
8857
8839
8858
8859
8841
8860
8842
8861
8843
8862
8844
8863
8845
8864
8846
8865
8847
8866
8848
8867
8849
8868
8850
8869
8851
8870
8852
8871
8853
8872
8854
8873
8855
8874
8856
8875
8857
8876
8858
8877
8859
8878
8879
8861
8880
8862
8881
8863
8882
8864
8883
8865
8884
8866
8885
8867
8886
8868
8887
8869
8888
8870
8889
8871
8890
8872
8891
8873
8892
8874
8893
8875
8894
8876
8895
8877
8896
8878
8897
8879
8898
8899
8881
8900
8882
8901
8883
8902
8884
8903
8885
8904
8886
8905
8887
8906
8888
8907
8889
8908
8890
8909
8891
8910
8892
8911
8893
8912
8894
8913
8895
8914
8896
8915
8897
8916
8898
8917
8899
8918
8919
8901
8920
8902
8921
8903
8922
8904
8923
8905
8924
8906
8925
8907
8926
8908
8927
8909
8928
8910
8929
8911
8930
8912
8931
8913
8932
8914
8933
8915
8934
8916
8935
8917
8936
8918
8937
8919
8938
8939
8921
8940
8922
8941
8923
8942
8924
8943
8925
8944
8926
8945
8927
8946
8928
8947
8929
8948
8930
8949
8931
8950
8932
8951
8933
8952
8934
8953
8935
8954
8936
8955
8937
8956
8938
8957
8939
8958
8959
8941
8960
8942
8961
8943
8962
8944
8963
8945
8964
8946
8965
8947
8966
8948
8967
8949
8968
8950
8969
8951
8970
8952
8971
8953
8972
8954
8973
8955
8974
8956
8975
8957
8976
8958
8977
8959
8978
8979
8961
8980
8962
8981
8963
8982
8964
8983
8965
8984
8966
8985
8967
8986
8968
8987
8969
8988
8970
8989
8971
8990
8972
8991
8973
8992
8974
8993
8975
8994
8976
8995
8977
8996
8978
8997
8979
8998
8999
8981
8982
8983
8984
8985
8986
8987
8988
8989
8990
8991
8992
8993
8994
8995
8996
8997
8998
8999
)


// ************************************************************************* //
