/*--------------------------------*- C++ -*----------------------------------*\
| =========                 |                                                 |
| \\      /  F ield         | OpenFOAM: The Open Source CFD Toolbox           |
|  \\    /   O peration     | Version:  2412                                  |
|   \\  /    A nd           | Website:  www.openfoam.com                      |
|    \\/     M anipulation  |                                                 |
\*---------------------------------------------------------------------------*/
FoamFile
{
    version     2.0;
    format      ascii;
    arch        "LSB;label=32;scalar=64";
    class       vectorField;
    location    "constant/polyMesh";
    object      points;
}
// * * * * * * * * * * * * * * * * * * * * * * * * * * * * * * * * * * * * * //


4242
(
(0 0 0)
(0.1 0 0)
(0.2 0 0)
(0.3 0 0)
(0.4 0 0)
(0.5 0 0)
(0.6 0 0)
(0.7 0 0)
(0.8 0 0)
(0.9 0 0)
(1 0 0)
(1.1 0 0)
(1.2 0 0)
(1.3 0 0)
(1.4 0 0)
(1.5 0 0)
(1.6 0 0)
(1.7 0 0)
(1.8 0 0)
(1.9 0 0)
(2 0 0)
(2.1 0 0)
(2.2 0 0)
(2.3 0 0)
(2.4 0 0)
(2.5 0 0)
(2.6 0 0)
(2.7 0 0)
(2.8 0 0)
(2.9 0 0)
(3 0 0)
(3.1 0 0)
(3.2 0 0)
(3.3 0 0)
(3.4 0 0)
(3.5 0 0)
(3.6 0 0)
(3.7 0 0)
(3.8 0 0)
(3.9 0 0)
(4 0 0)
(4.1 0 0)
(4.2 0 0)
(4.3 0 0)
(4.4 0 0)
(4.5 0 0)
(4.6 0 0)
(4.7 0 0)
(4.8 0 0)
(4.9 0 0)
(5 0 0)
(5.1 0 0)
(5.2 0 0)
(5.3 0 0)
(5.4 0 0)
(5.5 0 0)
(5.6 0 0)
(5.7 0 0)
(5.8 0 0)
(5.9 0 0)
(6 0 0)
(6.1 0 0)
(6.2 0 0)
(6.3 0 0)
(6.4 0 0)
(6.5 0 0)
(6.6 0 0)
(6.7 0 0)
(6.8 0 0)
(6.9 0 0)
(7 0 0)
(7.1 0 0)
(7.2 0 0)
(7.3 0 0)
(7.4 0 0)
(7.5 0 0)
(7.6 0 0)
(7.7 0 0)
(7.8 0 0)
(7.9 0 0)
(8 0 0)
(8.1 0 0)
(8.2 0 0)
(8.3 0 0)
(8.4 0 0)
(8.5 0 0)
(8.6 0 0)
(8.7 0 0)
(8.8 0 0)
(8.9 0 0)
(9 0 0)
(9.1 0 0)
(9.2 0 0)
(9.3 0 0)
(9.4 0 0)
(9.5 0 0)
(9.6 0 0)
(9.7 0 0)
(9.8 0 0)
(9.9 0 0)
(10 0 0)
(0 0.05 0)
(0.1 0.05 0)
(0.2 0.05 0)
(0.3 0.05 0)
(0.4 0.05 0)
(0.5 0.05 0)
(0.6 0.05 0)
(0.7 0.05 0)
(0.8 0.05 0)
(0.9 0.05 0)
(1 0.05 0)
(1.1 0.05 0)
(1.2 0.05 0)
(1.3 0.05 0)
(1.4 0.05 0)
(1.5 0.05 0)
(1.6 0.05 0)
(1.7 0.05 0)
(1.8 0.05 0)
(1.9 0.05 0)
(2 0.05 0)
(2.1 0.05 0)
(2.2 0.05 0)
(2.3 0.05 0)
(2.4 0.05 0)
(2.5 0.05 0)
(2.6 0.05 0)
(2.7 0.05 0)
(2.8 0.05 0)
(2.9 0.05 0)
(3 0.05 0)
(3.1 0.05 0)
(3.2 0.05 0)
(3.3 0.05 0)
(3.4 0.05 0)
(3.5 0.05 0)
(3.6 0.05 0)
(3.7 0.05 0)
(3.8 0.05 0)
(3.9 0.05 0)
(4 0.05 0)
(4.1 0.05 0)
(4.2 0.05 0)
(4.3 0.05 0)
(4.4 0.05 0)
(4.5 0.05 0)
(4.6 0.05 0)
(4.7 0.05 0)
(4.8 0.05 0)
(4.9 0.05 0)
(5 0.05 0)
(5.1 0.05 0)
(5.2 0.05 0)
(5.3 0.05 0)
(5.4 0.05 0)
(5.5 0.05 0)
(5.6 0.05 0)
(5.7 0.05 0)
(5.8 0.05 0)
(5.9 0.05 0)
(6 0.05 0)
(6.1 0.05 0)
(6.2 0.05 0)
(6.3 0.05 0)
(6.4 0.05 0)
(6.5 0.05 0)
(6.6 0.05 0)
(6.7 0.05 0)
(6.8 0.05 0)
(6.9 0.05 0)
(7 0.05 0)
(7.1 0.05 0)
(7.2 0.05 0)
(7.3 0.05 0)
(7.4 0.05 0)
(7.5 0.05 0)
(7.6 0.05 0)
(7.7 0.05 0)
(7.8 0.05 0)
(7.9 0.05 0)
(8 0.05 0)
(8.1 0.05 0)
(8.2 0.05 0)
(8.3 0.05 0)
(8.4 0.05 0)
(8.5 0.05 0)
(8.6 0.05 0)
(8.7 0.05 0)
(8.8 0.05 0)
(8.9 0.05 0)
(9 0.05 0)
(9.1 0.05 0)
(9.2 0.05 0)
(9.3 0.05 0)
(9.4 0.05 0)
(9.5 0.05 0)
(9.6 0.05 0)
(9.7 0.05 0)
(9.8 0.05 0)
(9.9 0.05 0)
(10 0.05 0)
(0 0.1 0)
(0.1 0.1 0)
(0.2 0.1 0)
(0.3 0.1 0)
(0.4 0.1 0)
(0.5 0.1 0)
(0.6 0.1 0)
(0.7 0.1 0)
(0.8 0.1 0)
(0.9 0.1 0)
(1 0.1 0)
(1.1 0.1 0)
(1.2 0.1 0)
(1.3 0.1 0)
(1.4 0.1 0)
(1.5 0.1 0)
(1.6 0.1 0)
(1.7 0.1 0)
(1.8 0.1 0)
(1.9 0.1 0)
(2 0.1 0)
(2.1 0.1 0)
(2.2 0.1 0)
(2.3 0.1 0)
(2.4 0.1 0)
(2.5 0.1 0)
(2.6 0.1 0)
(2.7 0.1 0)
(2.8 0.1 0)
(2.9 0.1 0)
(3 0.1 0)
(3.1 0.1 0)
(3.2 0.1 0)
(3.3 0.1 0)
(3.4 0.1 0)
(3.5 0.1 0)
(3.6 0.1 0)
(3.7 0.1 0)
(3.8 0.1 0)
(3.9 0.1 0)
(4 0.1 0)
(4.1 0.1 0)
(4.2 0.1 0)
(4.3 0.1 0)
(4.4 0.1 0)
(4.5 0.1 0)
(4.6 0.1 0)
(4.7 0.1 0)
(4.8 0.1 0)
(4.9 0.1 0)
(5 0.1 0)
(5.1 0.1 0)
(5.2 0.1 0)
(5.3 0.1 0)
(5.4 0.1 0)
(5.5 0.1 0)
(5.6 0.1 0)
(5.7 0.1 0)
(5.8 0.1 0)
(5.9 0.1 0)
(6 0.1 0)
(6.1 0.1 0)
(6.2 0.1 0)
(6.3 0.1 0)
(6.4 0.1 0)
(6.5 0.1 0)
(6.6 0.1 0)
(6.7 0.1 0)
(6.8 0.1 0)
(6.9 0.1 0)
(7 0.1 0)
(7.1 0.1 0)
(7.2 0.1 0)
(7.3 0.1 0)
(7.4 0.1 0)
(7.5 0.1 0)
(7.6 0.1 0)
(7.7 0.1 0)
(7.8 0.1 0)
(7.9 0.1 0)
(8 0.1 0)
(8.1 0.1 0)
(8.2 0.1 0)
(8.3 0.1 0)
(8.4 0.1 0)
(8.5 0.1 0)
(8.6 0.1 0)
(8.7 0.1 0)
(8.8 0.1 0)
(8.9 0.1 0)
(9 0.1 0)
(9.1 0.1 0)
(9.2 0.1 0)
(9.3 0.1 0)
(9.4 0.1 0)
(9.5 0.1 0)
(9.6 0.1 0)
(9.7 0.1 0)
(9.8 0.1 0)
(9.9 0.1 0)
(10 0.1 0)
(0 0.15 0)
(0.1 0.15 0)
(0.2 0.15 0)
(0.3 0.15 0)
(0.4 0.15 0)
(0.5 0.15 0)
(0.6 0.15 0)
(0.7 0.15 0)
(0.8 0.15 0)
(0.9 0.15 0)
(1 0.15 0)
(1.1 0.15 0)
(1.2 0.15 0)
(1.3 0.15 0)
(1.4 0.15 0)
(1.5 0.15 0)
(1.6 0.15 0)
(1.7 0.15 0)
(1.8 0.15 0)
(1.9 0.15 0)
(2 0.15 0)
(2.1 0.15 0)
(2.2 0.15 0)
(2.3 0.15 0)
(2.4 0.15 0)
(2.5 0.15 0)
(2.6 0.15 0)
(2.7 0.15 0)
(2.8 0.15 0)
(2.9 0.15 0)
(3 0.15 0)
(3.1 0.15 0)
(3.2 0.15 0)
(3.3 0.15 0)
(3.4 0.15 0)
(3.5 0.15 0)
(3.6 0.15 0)
(3.7 0.15 0)
(3.8 0.15 0)
(3.9 0.15 0)
(4 0.15 0)
(4.1 0.15 0)
(4.2 0.15 0)
(4.3 0.15 0)
(4.4 0.15 0)
(4.5 0.15 0)
(4.6 0.15 0)
(4.7 0.15 0)
(4.8 0.15 0)
(4.9 0.15 0)
(5 0.15 0)
(5.1 0.15 0)
(5.2 0.15 0)
(5.3 0.15 0)
(5.4 0.15 0)
(5.5 0.15 0)
(5.6 0.15 0)
(5.7 0.15 0)
(5.8 0.15 0)
(5.9 0.15 0)
(6 0.15 0)
(6.1 0.15 0)
(6.2 0.15 0)
(6.3 0.15 0)
(6.4 0.15 0)
(6.5 0.15 0)
(6.6 0.15 0)
(6.7 0.15 0)
(6.8 0.15 0)
(6.9 0.15 0)
(7 0.15 0)
(7.1 0.15 0)
(7.2 0.15 0)
(7.3 0.15 0)
(7.4 0.15 0)
(7.5 0.15 0)
(7.6 0.15 0)
(7.7 0.15 0)
(7.8 0.15 0)
(7.9 0.15 0)
(8 0.15 0)
(8.1 0.15 0)
(8.2 0.15 0)
(8.3 0.15 0)
(8.4 0.15 0)
(8.5 0.15 0)
(8.6 0.15 0)
(8.7 0.15 0)
(8.8 0.15 0)
(8.9 0.15 0)
(9 0.15 0)
(9.1 0.15 0)
(9.2 0.15 0)
(9.3 0.15 0)
(9.4 0.15 0)
(9.5 0.15 0)
(9.6 0.15 0)
(9.7 0.15 0)
(9.8 0.15 0)
(9.9 0.15 0)
(10 0.15 0)
(0 0.2 0)
(0.1 0.2 0)
(0.2 0.2 0)
(0.3 0.2 0)
(0.4 0.2 0)
(0.5 0.2 0)
(0.6 0.2 0)
(0.7 0.2 0)
(0.8 0.2 0)
(0.9 0.2 0)
(1 0.2 0)
(1.1 0.2 0)
(1.2 0.2 0)
(1.3 0.2 0)
(1.4 0.2 0)
(1.5 0.2 0)
(1.6 0.2 0)
(1.7 0.2 0)
(1.8 0.2 0)
(1.9 0.2 0)
(2 0.2 0)
(2.1 0.2 0)
(2.2 0.2 0)
(2.3 0.2 0)
(2.4 0.2 0)
(2.5 0.2 0)
(2.6 0.2 0)
(2.7 0.2 0)
(2.8 0.2 0)
(2.9 0.2 0)
(3 0.2 0)
(3.1 0.2 0)
(3.2 0.2 0)
(3.3 0.2 0)
(3.4 0.2 0)
(3.5 0.2 0)
(3.6 0.2 0)
(3.7 0.2 0)
(3.8 0.2 0)
(3.9 0.2 0)
(4 0.2 0)
(4.1 0.2 0)
(4.2 0.2 0)
(4.3 0.2 0)
(4.4 0.2 0)
(4.5 0.2 0)
(4.6 0.2 0)
(4.7 0.2 0)
(4.8 0.2 0)
(4.9 0.2 0)
(5 0.2 0)
(5.1 0.2 0)
(5.2 0.2 0)
(5.3 0.2 0)
(5.4 0.2 0)
(5.5 0.2 0)
(5.6 0.2 0)
(5.7 0.2 0)
(5.8 0.2 0)
(5.9 0.2 0)
(6 0.2 0)
(6.1 0.2 0)
(6.2 0.2 0)
(6.3 0.2 0)
(6.4 0.2 0)
(6.5 0.2 0)
(6.6 0.2 0)
(6.7 0.2 0)
(6.8 0.2 0)
(6.9 0.2 0)
(7 0.2 0)
(7.1 0.2 0)
(7.2 0.2 0)
(7.3 0.2 0)
(7.4 0.2 0)
(7.5 0.2 0)
(7.6 0.2 0)
(7.7 0.2 0)
(7.8 0.2 0)
(7.9 0.2 0)
(8 0.2 0)
(8.1 0.2 0)
(8.2 0.2 0)
(8.3 0.2 0)
(8.4 0.2 0)
(8.5 0.2 0)
(8.6 0.2 0)
(8.7 0.2 0)
(8.8 0.2 0)
(8.9 0.2 0)
(9 0.2 0)
(9.1 0.2 0)
(9.2 0.2 0)
(9.3 0.2 0)
(9.4 0.2 0)
(9.5 0.2 0)
(9.6 0.2 0)
(9.7 0.2 0)
(9.8 0.2 0)
(9.9 0.2 0)
(10 0.2 0)
(0 0.25 0)
(0.1 0.25 0)
(0.2 0.25 0)
(0.3 0.25 0)
(0.4 0.25 0)
(0.5 0.25 0)
(0.6 0.25 0)
(0.7 0.25 0)
(0.8 0.25 0)
(0.9 0.25 0)
(1 0.25 0)
(1.1 0.25 0)
(1.2 0.25 0)
(1.3 0.25 0)
(1.4 0.25 0)
(1.5 0.25 0)
(1.6 0.25 0)
(1.7 0.25 0)
(1.8 0.25 0)
(1.9 0.25 0)
(2 0.25 0)
(2.1 0.25 0)
(2.2 0.25 0)
(2.3 0.25 0)
(2.4 0.25 0)
(2.5 0.25 0)
(2.6 0.25 0)
(2.7 0.25 0)
(2.8 0.25 0)
(2.9 0.25 0)
(3 0.25 0)
(3.1 0.25 0)
(3.2 0.25 0)
(3.3 0.25 0)
(3.4 0.25 0)
(3.5 0.25 0)
(3.6 0.25 0)
(3.7 0.25 0)
(3.8 0.25 0)
(3.9 0.25 0)
(4 0.25 0)
(4.1 0.25 0)
(4.2 0.25 0)
(4.3 0.25 0)
(4.4 0.25 0)
(4.5 0.25 0)
(4.6 0.25 0)
(4.7 0.25 0)
(4.8 0.25 0)
(4.9 0.25 0)
(5 0.25 0)
(5.1 0.25 0)
(5.2 0.25 0)
(5.3 0.25 0)
(5.4 0.25 0)
(5.5 0.25 0)
(5.6 0.25 0)
(5.7 0.25 0)
(5.8 0.25 0)
(5.9 0.25 0)
(6 0.25 0)
(6.1 0.25 0)
(6.2 0.25 0)
(6.3 0.25 0)
(6.4 0.25 0)
(6.5 0.25 0)
(6.6 0.25 0)
(6.7 0.25 0)
(6.8 0.25 0)
(6.9 0.25 0)
(7 0.25 0)
(7.1 0.25 0)
(7.2 0.25 0)
(7.3 0.25 0)
(7.4 0.25 0)
(7.5 0.25 0)
(7.6 0.25 0)
(7.7 0.25 0)
(7.8 0.25 0)
(7.9 0.25 0)
(8 0.25 0)
(8.1 0.25 0)
(8.2 0.25 0)
(8.3 0.25 0)
(8.4 0.25 0)
(8.5 0.25 0)
(8.6 0.25 0)
(8.7 0.25 0)
(8.8 0.25 0)
(8.9 0.25 0)
(9 0.25 0)
(9.1 0.25 0)
(9.2 0.25 0)
(9.3 0.25 0)
(9.4 0.25 0)
(9.5 0.25 0)
(9.6 0.25 0)
(9.7 0.25 0)
(9.8 0.25 0)
(9.9 0.25 0)
(10 0.25 0)
(0 0.3 0)
(0.1 0.3 0)
(0.2 0.3 0)
(0.3 0.3 0)
(0.4 0.3 0)
(0.5 0.3 0)
(0.6 0.3 0)
(0.7 0.3 0)
(0.8 0.3 0)
(0.9 0.3 0)
(1 0.3 0)
(1.1 0.3 0)
(1.2 0.3 0)
(1.3 0.3 0)
(1.4 0.3 0)
(1.5 0.3 0)
(1.6 0.3 0)
(1.7 0.3 0)
(1.8 0.3 0)
(1.9 0.3 0)
(2 0.3 0)
(2.1 0.3 0)
(2.2 0.3 0)
(2.3 0.3 0)
(2.4 0.3 0)
(2.5 0.3 0)
(2.6 0.3 0)
(2.7 0.3 0)
(2.8 0.3 0)
(2.9 0.3 0)
(3 0.3 0)
(3.1 0.3 0)
(3.2 0.3 0)
(3.3 0.3 0)
(3.4 0.3 0)
(3.5 0.3 0)
(3.6 0.3 0)
(3.7 0.3 0)
(3.8 0.3 0)
(3.9 0.3 0)
(4 0.3 0)
(4.1 0.3 0)
(4.2 0.3 0)
(4.3 0.3 0)
(4.4 0.3 0)
(4.5 0.3 0)
(4.6 0.3 0)
(4.7 0.3 0)
(4.8 0.3 0)
(4.9 0.3 0)
(5 0.3 0)
(5.1 0.3 0)
(5.2 0.3 0)
(5.3 0.3 0)
(5.4 0.3 0)
(5.5 0.3 0)
(5.6 0.3 0)
(5.7 0.3 0)
(5.8 0.3 0)
(5.9 0.3 0)
(6 0.3 0)
(6.1 0.3 0)
(6.2 0.3 0)
(6.3 0.3 0)
(6.4 0.3 0)
(6.5 0.3 0)
(6.6 0.3 0)
(6.7 0.3 0)
(6.8 0.3 0)
(6.9 0.3 0)
(7 0.3 0)
(7.1 0.3 0)
(7.2 0.3 0)
(7.3 0.3 0)
(7.4 0.3 0)
(7.5 0.3 0)
(7.6 0.3 0)
(7.7 0.3 0)
(7.8 0.3 0)
(7.9 0.3 0)
(8 0.3 0)
(8.1 0.3 0)
(8.2 0.3 0)
(8.3 0.3 0)
(8.4 0.3 0)
(8.5 0.3 0)
(8.6 0.3 0)
(8.7 0.3 0)
(8.8 0.3 0)
(8.9 0.3 0)
(9 0.3 0)
(9.1 0.3 0)
(9.2 0.3 0)
(9.3 0.3 0)
(9.4 0.3 0)
(9.5 0.3 0)
(9.6 0.3 0)
(9.7 0.3 0)
(9.8 0.3 0)
(9.9 0.3 0)
(10 0.3 0)
(0 0.35 0)
(0.1 0.35 0)
(0.2 0.35 0)
(0.3 0.35 0)
(0.4 0.35 0)
(0.5 0.35 0)
(0.6 0.35 0)
(0.7 0.35 0)
(0.8 0.35 0)
(0.9 0.35 0)
(1 0.35 0)
(1.1 0.35 0)
(1.2 0.35 0)
(1.3 0.35 0)
(1.4 0.35 0)
(1.5 0.35 0)
(1.6 0.35 0)
(1.7 0.35 0)
(1.8 0.35 0)
(1.9 0.35 0)
(2 0.35 0)
(2.1 0.35 0)
(2.2 0.35 0)
(2.3 0.35 0)
(2.4 0.35 0)
(2.5 0.35 0)
(2.6 0.35 0)
(2.7 0.35 0)
(2.8 0.35 0)
(2.9 0.35 0)
(3 0.35 0)
(3.1 0.35 0)
(3.2 0.35 0)
(3.3 0.35 0)
(3.4 0.35 0)
(3.5 0.35 0)
(3.6 0.35 0)
(3.7 0.35 0)
(3.8 0.35 0)
(3.9 0.35 0)
(4 0.35 0)
(4.1 0.35 0)
(4.2 0.35 0)
(4.3 0.35 0)
(4.4 0.35 0)
(4.5 0.35 0)
(4.6 0.35 0)
(4.7 0.35 0)
(4.8 0.35 0)
(4.9 0.35 0)
(5 0.35 0)
(5.1 0.35 0)
(5.2 0.35 0)
(5.3 0.35 0)
(5.4 0.35 0)
(5.5 0.35 0)
(5.6 0.35 0)
(5.7 0.35 0)
(5.8 0.35 0)
(5.9 0.35 0)
(6 0.35 0)
(6.1 0.35 0)
(6.2 0.35 0)
(6.3 0.35 0)
(6.4 0.35 0)
(6.5 0.35 0)
(6.6 0.35 0)
(6.7 0.35 0)
(6.8 0.35 0)
(6.9 0.35 0)
(7 0.35 0)
(7.1 0.35 0)
(7.2 0.35 0)
(7.3 0.35 0)
(7.4 0.35 0)
(7.5 0.35 0)
(7.6 0.35 0)
(7.7 0.35 0)
(7.8 0.35 0)
(7.9 0.35 0)
(8 0.35 0)
(8.1 0.35 0)
(8.2 0.35 0)
(8.3 0.35 0)
(8.4 0.35 0)
(8.5 0.35 0)
(8.6 0.35 0)
(8.7 0.35 0)
(8.8 0.35 0)
(8.9 0.35 0)
(9 0.35 0)
(9.1 0.35 0)
(9.2 0.35 0)
(9.3 0.35 0)
(9.4 0.35 0)
(9.5 0.35 0)
(9.6 0.35 0)
(9.7 0.35 0)
(9.8 0.35 0)
(9.9 0.35 0)
(10 0.35 0)
(0 0.4 0)
(0.1 0.4 0)
(0.2 0.4 0)
(0.3 0.4 0)
(0.4 0.4 0)
(0.5 0.4 0)
(0.6 0.4 0)
(0.7 0.4 0)
(0.8 0.4 0)
(0.9 0.4 0)
(1 0.4 0)
(1.1 0.4 0)
(1.2 0.4 0)
(1.3 0.4 0)
(1.4 0.4 0)
(1.5 0.4 0)
(1.6 0.4 0)
(1.7 0.4 0)
(1.8 0.4 0)
(1.9 0.4 0)
(2 0.4 0)
(2.1 0.4 0)
(2.2 0.4 0)
(2.3 0.4 0)
(2.4 0.4 0)
(2.5 0.4 0)
(2.6 0.4 0)
(2.7 0.4 0)
(2.8 0.4 0)
(2.9 0.4 0)
(3 0.4 0)
(3.1 0.4 0)
(3.2 0.4 0)
(3.3 0.4 0)
(3.4 0.4 0)
(3.5 0.4 0)
(3.6 0.4 0)
(3.7 0.4 0)
(3.8 0.4 0)
(3.9 0.4 0)
(4 0.4 0)
(4.1 0.4 0)
(4.2 0.4 0)
(4.3 0.4 0)
(4.4 0.4 0)
(4.5 0.4 0)
(4.6 0.4 0)
(4.7 0.4 0)
(4.8 0.4 0)
(4.9 0.4 0)
(5 0.4 0)
(5.1 0.4 0)
(5.2 0.4 0)
(5.3 0.4 0)
(5.4 0.4 0)
(5.5 0.4 0)
(5.6 0.4 0)
(5.7 0.4 0)
(5.8 0.4 0)
(5.9 0.4 0)
(6 0.4 0)
(6.1 0.4 0)
(6.2 0.4 0)
(6.3 0.4 0)
(6.4 0.4 0)
(6.5 0.4 0)
(6.6 0.4 0)
(6.7 0.4 0)
(6.8 0.4 0)
(6.9 0.4 0)
(7 0.4 0)
(7.1 0.4 0)
(7.2 0.4 0)
(7.3 0.4 0)
(7.4 0.4 0)
(7.5 0.4 0)
(7.6 0.4 0)
(7.7 0.4 0)
(7.8 0.4 0)
(7.9 0.4 0)
(8 0.4 0)
(8.1 0.4 0)
(8.2 0.4 0)
(8.3 0.4 0)
(8.4 0.4 0)
(8.5 0.4 0)
(8.6 0.4 0)
(8.7 0.4 0)
(8.8 0.4 0)
(8.9 0.4 0)
(9 0.4 0)
(9.1 0.4 0)
(9.2 0.4 0)
(9.3 0.4 0)
(9.4 0.4 0)
(9.5 0.4 0)
(9.6 0.4 0)
(9.7 0.4 0)
(9.8 0.4 0)
(9.9 0.4 0)
(10 0.4 0)
(0 0.45 0)
(0.1 0.45 0)
(0.2 0.45 0)
(0.3 0.45 0)
(0.4 0.45 0)
(0.5 0.45 0)
(0.6 0.45 0)
(0.7 0.45 0)
(0.8 0.45 0)
(0.9 0.45 0)
(1 0.45 0)
(1.1 0.45 0)
(1.2 0.45 0)
(1.3 0.45 0)
(1.4 0.45 0)
(1.5 0.45 0)
(1.6 0.45 0)
(1.7 0.45 0)
(1.8 0.45 0)
(1.9 0.45 0)
(2 0.45 0)
(2.1 0.45 0)
(2.2 0.45 0)
(2.3 0.45 0)
(2.4 0.45 0)
(2.5 0.45 0)
(2.6 0.45 0)
(2.7 0.45 0)
(2.8 0.45 0)
(2.9 0.45 0)
(3 0.45 0)
(3.1 0.45 0)
(3.2 0.45 0)
(3.3 0.45 0)
(3.4 0.45 0)
(3.5 0.45 0)
(3.6 0.45 0)
(3.7 0.45 0)
(3.8 0.45 0)
(3.9 0.45 0)
(4 0.45 0)
(4.1 0.45 0)
(4.2 0.45 0)
(4.3 0.45 0)
(4.4 0.45 0)
(4.5 0.45 0)
(4.6 0.45 0)
(4.7 0.45 0)
(4.8 0.45 0)
(4.9 0.45 0)
(5 0.45 0)
(5.1 0.45 0)
(5.2 0.45 0)
(5.3 0.45 0)
(5.4 0.45 0)
(5.5 0.45 0)
(5.6 0.45 0)
(5.7 0.45 0)
(5.8 0.45 0)
(5.9 0.45 0)
(6 0.45 0)
(6.1 0.45 0)
(6.2 0.45 0)
(6.3 0.45 0)
(6.4 0.45 0)
(6.5 0.45 0)
(6.6 0.45 0)
(6.7 0.45 0)
(6.8 0.45 0)
(6.9 0.45 0)
(7 0.45 0)
(7.1 0.45 0)
(7.2 0.45 0)
(7.3 0.45 0)
(7.4 0.45 0)
(7.5 0.45 0)
(7.6 0.45 0)
(7.7 0.45 0)
(7.8 0.45 0)
(7.9 0.45 0)
(8 0.45 0)
(8.1 0.45 0)
(8.2 0.45 0)
(8.3 0.45 0)
(8.4 0.45 0)
(8.5 0.45 0)
(8.6 0.45 0)
(8.7 0.45 0)
(8.8 0.45 0)
(8.9 0.45 0)
(9 0.45 0)
(9.1 0.45 0)
(9.2 0.45 0)
(9.3 0.45 0)
(9.4 0.45 0)
(9.5 0.45 0)
(9.6 0.45 0)
(9.7 0.45 0)
(9.8 0.45 0)
(9.9 0.45 0)
(10 0.45 0)
(0 0.5 0)
(0.1 0.5 0)
(0.2 0.5 0)
(0.3 0.5 0)
(0.4 0.5 0)
(0.5 0.5 0)
(0.6 0.5 0)
(0.7 0.5 0)
(0.8 0.5 0)
(0.9 0.5 0)
(1 0.5 0)
(1.1 0.5 0)
(1.2 0.5 0)
(1.3 0.5 0)
(1.4 0.5 0)
(1.5 0.5 0)
(1.6 0.5 0)
(1.7 0.5 0)
(1.8 0.5 0)
(1.9 0.5 0)
(2 0.5 0)
(2.1 0.5 0)
(2.2 0.5 0)
(2.3 0.5 0)
(2.4 0.5 0)
(2.5 0.5 0)
(2.6 0.5 0)
(2.7 0.5 0)
(2.8 0.5 0)
(2.9 0.5 0)
(3 0.5 0)
(3.1 0.5 0)
(3.2 0.5 0)
(3.3 0.5 0)
(3.4 0.5 0)
(3.5 0.5 0)
(3.6 0.5 0)
(3.7 0.5 0)
(3.8 0.5 0)
(3.9 0.5 0)
(4 0.5 0)
(4.1 0.5 0)
(4.2 0.5 0)
(4.3 0.5 0)
(4.4 0.5 0)
(4.5 0.5 0)
(4.6 0.5 0)
(4.7 0.5 0)
(4.8 0.5 0)
(4.9 0.5 0)
(5 0.5 0)
(5.1 0.5 0)
(5.2 0.5 0)
(5.3 0.5 0)
(5.4 0.5 0)
(5.5 0.5 0)
(5.6 0.5 0)
(5.7 0.5 0)
(5.8 0.5 0)
(5.9 0.5 0)
(6 0.5 0)
(6.1 0.5 0)
(6.2 0.5 0)
(6.3 0.5 0)
(6.4 0.5 0)
(6.5 0.5 0)
(6.6 0.5 0)
(6.7 0.5 0)
(6.8 0.5 0)
(6.9 0.5 0)
(7 0.5 0)
(7.1 0.5 0)
(7.2 0.5 0)
(7.3 0.5 0)
(7.4 0.5 0)
(7.5 0.5 0)
(7.6 0.5 0)
(7.7 0.5 0)
(7.8 0.5 0)
(7.9 0.5 0)
(8 0.5 0)
(8.1 0.5 0)
(8.2 0.5 0)
(8.3 0.5 0)
(8.4 0.5 0)
(8.5 0.5 0)
(8.6 0.5 0)
(8.7 0.5 0)
(8.8 0.5 0)
(8.9 0.5 0)
(9 0.5 0)
(9.1 0.5 0)
(9.2 0.5 0)
(9.3 0.5 0)
(9.4 0.5 0)
(9.5 0.5 0)
(9.6 0.5 0)
(9.7 0.5 0)
(9.8 0.5 0)
(9.9 0.5 0)
(10 0.5 0)
(0 0.55 0)
(0.1 0.55 0)
(0.2 0.55 0)
(0.3 0.55 0)
(0.4 0.55 0)
(0.5 0.55 0)
(0.6 0.55 0)
(0.7 0.55 0)
(0.8 0.55 0)
(0.9 0.55 0)
(1 0.55 0)
(1.1 0.55 0)
(1.2 0.55 0)
(1.3 0.55 0)
(1.4 0.55 0)
(1.5 0.55 0)
(1.6 0.55 0)
(1.7 0.55 0)
(1.8 0.55 0)
(1.9 0.55 0)
(2 0.55 0)
(2.1 0.55 0)
(2.2 0.55 0)
(2.3 0.55 0)
(2.4 0.55 0)
(2.5 0.55 0)
(2.6 0.55 0)
(2.7 0.55 0)
(2.8 0.55 0)
(2.9 0.55 0)
(3 0.55 0)
(3.1 0.55 0)
(3.2 0.55 0)
(3.3 0.55 0)
(3.4 0.55 0)
(3.5 0.55 0)
(3.6 0.55 0)
(3.7 0.55 0)
(3.8 0.55 0)
(3.9 0.55 0)
(4 0.55 0)
(4.1 0.55 0)
(4.2 0.55 0)
(4.3 0.55 0)
(4.4 0.55 0)
(4.5 0.55 0)
(4.6 0.55 0)
(4.7 0.55 0)
(4.8 0.55 0)
(4.9 0.55 0)
(5 0.55 0)
(5.1 0.55 0)
(5.2 0.55 0)
(5.3 0.55 0)
(5.4 0.55 0)
(5.5 0.55 0)
(5.6 0.55 0)
(5.7 0.55 0)
(5.8 0.55 0)
(5.9 0.55 0)
(6 0.55 0)
(6.1 0.55 0)
(6.2 0.55 0)
(6.3 0.55 0)
(6.4 0.55 0)
(6.5 0.55 0)
(6.6 0.55 0)
(6.7 0.55 0)
(6.8 0.55 0)
(6.9 0.55 0)
(7 0.55 0)
(7.1 0.55 0)
(7.2 0.55 0)
(7.3 0.55 0)
(7.4 0.55 0)
(7.5 0.55 0)
(7.6 0.55 0)
(7.7 0.55 0)
(7.8 0.55 0)
(7.9 0.55 0)
(8 0.55 0)
(8.1 0.55 0)
(8.2 0.55 0)
(8.3 0.55 0)
(8.4 0.55 0)
(8.5 0.55 0)
(8.6 0.55 0)
(8.7 0.55 0)
(8.8 0.55 0)
(8.9 0.55 0)
(9 0.55 0)
(9.1 0.55 0)
(9.2 0.55 0)
(9.3 0.55 0)
(9.4 0.55 0)
(9.5 0.55 0)
(9.6 0.55 0)
(9.7 0.55 0)
(9.8 0.55 0)
(9.9 0.55 0)
(10 0.55 0)
(0 0.6 0)
(0.1 0.6 0)
(0.2 0.6 0)
(0.3 0.6 0)
(0.4 0.6 0)
(0.5 0.6 0)
(0.6 0.6 0)
(0.7 0.6 0)
(0.8 0.6 0)
(0.9 0.6 0)
(1 0.6 0)
(1.1 0.6 0)
(1.2 0.6 0)
(1.3 0.6 0)
(1.4 0.6 0)
(1.5 0.6 0)
(1.6 0.6 0)
(1.7 0.6 0)
(1.8 0.6 0)
(1.9 0.6 0)
(2 0.6 0)
(2.1 0.6 0)
(2.2 0.6 0)
(2.3 0.6 0)
(2.4 0.6 0)
(2.5 0.6 0)
(2.6 0.6 0)
(2.7 0.6 0)
(2.8 0.6 0)
(2.9 0.6 0)
(3 0.6 0)
(3.1 0.6 0)
(3.2 0.6 0)
(3.3 0.6 0)
(3.4 0.6 0)
(3.5 0.6 0)
(3.6 0.6 0)
(3.7 0.6 0)
(3.8 0.6 0)
(3.9 0.6 0)
(4 0.6 0)
(4.1 0.6 0)
(4.2 0.6 0)
(4.3 0.6 0)
(4.4 0.6 0)
(4.5 0.6 0)
(4.6 0.6 0)
(4.7 0.6 0)
(4.8 0.6 0)
(4.9 0.6 0)
(5 0.6 0)
(5.1 0.6 0)
(5.2 0.6 0)
(5.3 0.6 0)
(5.4 0.6 0)
(5.5 0.6 0)
(5.6 0.6 0)
(5.7 0.6 0)
(5.8 0.6 0)
(5.9 0.6 0)
(6 0.6 0)
(6.1 0.6 0)
(6.2 0.6 0)
(6.3 0.6 0)
(6.4 0.6 0)
(6.5 0.6 0)
(6.6 0.6 0)
(6.7 0.6 0)
(6.8 0.6 0)
(6.9 0.6 0)
(7 0.6 0)
(7.1 0.6 0)
(7.2 0.6 0)
(7.3 0.6 0)
(7.4 0.6 0)
(7.5 0.6 0)
(7.6 0.6 0)
(7.7 0.6 0)
(7.8 0.6 0)
(7.9 0.6 0)
(8 0.6 0)
(8.1 0.6 0)
(8.2 0.6 0)
(8.3 0.6 0)
(8.4 0.6 0)
(8.5 0.6 0)
(8.6 0.6 0)
(8.7 0.6 0)
(8.8 0.6 0)
(8.9 0.6 0)
(9 0.6 0)
(9.1 0.6 0)
(9.2 0.6 0)
(9.3 0.6 0)
(9.4 0.6 0)
(9.5 0.6 0)
(9.6 0.6 0)
(9.7 0.6 0)
(9.8 0.6 0)
(9.9 0.6 0)
(10 0.6 0)
(0 0.65 0)
(0.1 0.65 0)
(0.2 0.65 0)
(0.3 0.65 0)
(0.4 0.65 0)
(0.5 0.65 0)
(0.6 0.65 0)
(0.7 0.65 0)
(0.8 0.65 0)
(0.9 0.65 0)
(1 0.65 0)
(1.1 0.65 0)
(1.2 0.65 0)
(1.3 0.65 0)
(1.4 0.65 0)
(1.5 0.65 0)
(1.6 0.65 0)
(1.7 0.65 0)
(1.8 0.65 0)
(1.9 0.65 0)
(2 0.65 0)
(2.1 0.65 0)
(2.2 0.65 0)
(2.3 0.65 0)
(2.4 0.65 0)
(2.5 0.65 0)
(2.6 0.65 0)
(2.7 0.65 0)
(2.8 0.65 0)
(2.9 0.65 0)
(3 0.65 0)
(3.1 0.65 0)
(3.2 0.65 0)
(3.3 0.65 0)
(3.4 0.65 0)
(3.5 0.65 0)
(3.6 0.65 0)
(3.7 0.65 0)
(3.8 0.65 0)
(3.9 0.65 0)
(4 0.65 0)
(4.1 0.65 0)
(4.2 0.65 0)
(4.3 0.65 0)
(4.4 0.65 0)
(4.5 0.65 0)
(4.6 0.65 0)
(4.7 0.65 0)
(4.8 0.65 0)
(4.9 0.65 0)
(5 0.65 0)
(5.1 0.65 0)
(5.2 0.65 0)
(5.3 0.65 0)
(5.4 0.65 0)
(5.5 0.65 0)
(5.6 0.65 0)
(5.7 0.65 0)
(5.8 0.65 0)
(5.9 0.65 0)
(6 0.65 0)
(6.1 0.65 0)
(6.2 0.65 0)
(6.3 0.65 0)
(6.4 0.65 0)
(6.5 0.65 0)
(6.6 0.65 0)
(6.7 0.65 0)
(6.8 0.65 0)
(6.9 0.65 0)
(7 0.65 0)
(7.1 0.65 0)
(7.2 0.65 0)
(7.3 0.65 0)
(7.4 0.65 0)
(7.5 0.65 0)
(7.6 0.65 0)
(7.7 0.65 0)
(7.8 0.65 0)
(7.9 0.65 0)
(8 0.65 0)
(8.1 0.65 0)
(8.2 0.65 0)
(8.3 0.65 0)
(8.4 0.65 0)
(8.5 0.65 0)
(8.6 0.65 0)
(8.7 0.65 0)
(8.8 0.65 0)
(8.9 0.65 0)
(9 0.65 0)
(9.1 0.65 0)
(9.2 0.65 0)
(9.3 0.65 0)
(9.4 0.65 0)
(9.5 0.65 0)
(9.6 0.65 0)
(9.7 0.65 0)
(9.8 0.65 0)
(9.9 0.65 0)
(10 0.65 0)
(0 0.7 0)
(0.1 0.7 0)
(0.2 0.7 0)
(0.3 0.7 0)
(0.4 0.7 0)
(0.5 0.7 0)
(0.6 0.7 0)
(0.7 0.7 0)
(0.8 0.7 0)
(0.9 0.7 0)
(1 0.7 0)
(1.1 0.7 0)
(1.2 0.7 0)
(1.3 0.7 0)
(1.4 0.7 0)
(1.5 0.7 0)
(1.6 0.7 0)
(1.7 0.7 0)
(1.8 0.7 0)
(1.9 0.7 0)
(2 0.7 0)
(2.1 0.7 0)
(2.2 0.7 0)
(2.3 0.7 0)
(2.4 0.7 0)
(2.5 0.7 0)
(2.6 0.7 0)
(2.7 0.7 0)
(2.8 0.7 0)
(2.9 0.7 0)
(3 0.7 0)
(3.1 0.7 0)
(3.2 0.7 0)
(3.3 0.7 0)
(3.4 0.7 0)
(3.5 0.7 0)
(3.6 0.7 0)
(3.7 0.7 0)
(3.8 0.7 0)
(3.9 0.7 0)
(4 0.7 0)
(4.1 0.7 0)
(4.2 0.7 0)
(4.3 0.7 0)
(4.4 0.7 0)
(4.5 0.7 0)
(4.6 0.7 0)
(4.7 0.7 0)
(4.8 0.7 0)
(4.9 0.7 0)
(5 0.7 0)
(5.1 0.7 0)
(5.2 0.7 0)
(5.3 0.7 0)
(5.4 0.7 0)
(5.5 0.7 0)
(5.6 0.7 0)
(5.7 0.7 0)
(5.8 0.7 0)
(5.9 0.7 0)
(6 0.7 0)
(6.1 0.7 0)
(6.2 0.7 0)
(6.3 0.7 0)
(6.4 0.7 0)
(6.5 0.7 0)
(6.6 0.7 0)
(6.7 0.7 0)
(6.8 0.7 0)
(6.9 0.7 0)
(7 0.7 0)
(7.1 0.7 0)
(7.2 0.7 0)
(7.3 0.7 0)
(7.4 0.7 0)
(7.5 0.7 0)
(7.6 0.7 0)
(7.7 0.7 0)
(7.8 0.7 0)
(7.9 0.7 0)
(8 0.7 0)
(8.1 0.7 0)
(8.2 0.7 0)
(8.3 0.7 0)
(8.4 0.7 0)
(8.5 0.7 0)
(8.6 0.7 0)
(8.7 0.7 0)
(8.8 0.7 0)
(8.9 0.7 0)
(9 0.7 0)
(9.1 0.7 0)
(9.2 0.7 0)
(9.3 0.7 0)
(9.4 0.7 0)
(9.5 0.7 0)
(9.6 0.7 0)
(9.7 0.7 0)
(9.8 0.7 0)
(9.9 0.7 0)
(10 0.7 0)
(0 0.75 0)
(0.1 0.75 0)
(0.2 0.75 0)
(0.3 0.75 0)
(0.4 0.75 0)
(0.5 0.75 0)
(0.6 0.75 0)
(0.7 0.75 0)
(0.8 0.75 0)
(0.9 0.75 0)
(1 0.75 0)
(1.1 0.75 0)
(1.2 0.75 0)
(1.3 0.75 0)
(1.4 0.75 0)
(1.5 0.75 0)
(1.6 0.75 0)
(1.7 0.75 0)
(1.8 0.75 0)
(1.9 0.75 0)
(2 0.75 0)
(2.1 0.75 0)
(2.2 0.75 0)
(2.3 0.75 0)
(2.4 0.75 0)
(2.5 0.75 0)
(2.6 0.75 0)
(2.7 0.75 0)
(2.8 0.75 0)
(2.9 0.75 0)
(3 0.75 0)
(3.1 0.75 0)
(3.2 0.75 0)
(3.3 0.75 0)
(3.4 0.75 0)
(3.5 0.75 0)
(3.6 0.75 0)
(3.7 0.75 0)
(3.8 0.75 0)
(3.9 0.75 0)
(4 0.75 0)
(4.1 0.75 0)
(4.2 0.75 0)
(4.3 0.75 0)
(4.4 0.75 0)
(4.5 0.75 0)
(4.6 0.75 0)
(4.7 0.75 0)
(4.8 0.75 0)
(4.9 0.75 0)
(5 0.75 0)
(5.1 0.75 0)
(5.2 0.75 0)
(5.3 0.75 0)
(5.4 0.75 0)
(5.5 0.75 0)
(5.6 0.75 0)
(5.7 0.75 0)
(5.8 0.75 0)
(5.9 0.75 0)
(6 0.75 0)
(6.1 0.75 0)
(6.2 0.75 0)
(6.3 0.75 0)
(6.4 0.75 0)
(6.5 0.75 0)
(6.6 0.75 0)
(6.7 0.75 0)
(6.8 0.75 0)
(6.9 0.75 0)
(7 0.75 0)
(7.1 0.75 0)
(7.2 0.75 0)
(7.3 0.75 0)
(7.4 0.75 0)
(7.5 0.75 0)
(7.6 0.75 0)
(7.7 0.75 0)
(7.8 0.75 0)
(7.9 0.75 0)
(8 0.75 0)
(8.1 0.75 0)
(8.2 0.75 0)
(8.3 0.75 0)
(8.4 0.75 0)
(8.5 0.75 0)
(8.6 0.75 0)
(8.7 0.75 0)
(8.8 0.75 0)
(8.9 0.75 0)
(9 0.75 0)
(9.1 0.75 0)
(9.2 0.75 0)
(9.3 0.75 0)
(9.4 0.75 0)
(9.5 0.75 0)
(9.6 0.75 0)
(9.7 0.75 0)
(9.8 0.75 0)
(9.9 0.75 0)
(10 0.75 0)
(0 0.8 0)
(0.1 0.8 0)
(0.2 0.8 0)
(0.3 0.8 0)
(0.4 0.8 0)
(0.5 0.8 0)
(0.6 0.8 0)
(0.7 0.8 0)
(0.8 0.8 0)
(0.9 0.8 0)
(1 0.8 0)
(1.1 0.8 0)
(1.2 0.8 0)
(1.3 0.8 0)
(1.4 0.8 0)
(1.5 0.8 0)
(1.6 0.8 0)
(1.7 0.8 0)
(1.8 0.8 0)
(1.9 0.8 0)
(2 0.8 0)
(2.1 0.8 0)
(2.2 0.8 0)
(2.3 0.8 0)
(2.4 0.8 0)
(2.5 0.8 0)
(2.6 0.8 0)
(2.7 0.8 0)
(2.8 0.8 0)
(2.9 0.8 0)
(3 0.8 0)
(3.1 0.8 0)
(3.2 0.8 0)
(3.3 0.8 0)
(3.4 0.8 0)
(3.5 0.8 0)
(3.6 0.8 0)
(3.7 0.8 0)
(3.8 0.8 0)
(3.9 0.8 0)
(4 0.8 0)
(4.1 0.8 0)
(4.2 0.8 0)
(4.3 0.8 0)
(4.4 0.8 0)
(4.5 0.8 0)
(4.6 0.8 0)
(4.7 0.8 0)
(4.8 0.8 0)
(4.9 0.8 0)
(5 0.8 0)
(5.1 0.8 0)
(5.2 0.8 0)
(5.3 0.8 0)
(5.4 0.8 0)
(5.5 0.8 0)
(5.6 0.8 0)
(5.7 0.8 0)
(5.8 0.8 0)
(5.9 0.8 0)
(6 0.8 0)
(6.1 0.8 0)
(6.2 0.8 0)
(6.3 0.8 0)
(6.4 0.8 0)
(6.5 0.8 0)
(6.6 0.8 0)
(6.7 0.8 0)
(6.8 0.8 0)
(6.9 0.8 0)
(7 0.8 0)
(7.1 0.8 0)
(7.2 0.8 0)
(7.3 0.8 0)
(7.4 0.8 0)
(7.5 0.8 0)
(7.6 0.8 0)
(7.7 0.8 0)
(7.8 0.8 0)
(7.9 0.8 0)
(8 0.8 0)
(8.1 0.8 0)
(8.2 0.8 0)
(8.3 0.8 0)
(8.4 0.8 0)
(8.5 0.8 0)
(8.6 0.8 0)
(8.7 0.8 0)
(8.8 0.8 0)
(8.9 0.8 0)
(9 0.8 0)
(9.1 0.8 0)
(9.2 0.8 0)
(9.3 0.8 0)
(9.4 0.8 0)
(9.5 0.8 0)
(9.6 0.8 0)
(9.7 0.8 0)
(9.8 0.8 0)
(9.9 0.8 0)
(10 0.8 0)
(0 0.85 0)
(0.1 0.85 0)
(0.2 0.85 0)
(0.3 0.85 0)
(0.4 0.85 0)
(0.5 0.85 0)
(0.6 0.85 0)
(0.7 0.85 0)
(0.8 0.85 0)
(0.9 0.85 0)
(1 0.85 0)
(1.1 0.85 0)
(1.2 0.85 0)
(1.3 0.85 0)
(1.4 0.85 0)
(1.5 0.85 0)
(1.6 0.85 0)
(1.7 0.85 0)
(1.8 0.85 0)
(1.9 0.85 0)
(2 0.85 0)
(2.1 0.85 0)
(2.2 0.85 0)
(2.3 0.85 0)
(2.4 0.85 0)
(2.5 0.85 0)
(2.6 0.85 0)
(2.7 0.85 0)
(2.8 0.85 0)
(2.9 0.85 0)
(3 0.85 0)
(3.1 0.85 0)
(3.2 0.85 0)
(3.3 0.85 0)
(3.4 0.85 0)
(3.5 0.85 0)
(3.6 0.85 0)
(3.7 0.85 0)
(3.8 0.85 0)
(3.9 0.85 0)
(4 0.85 0)
(4.1 0.85 0)
(4.2 0.85 0)
(4.3 0.85 0)
(4.4 0.85 0)
(4.5 0.85 0)
(4.6 0.85 0)
(4.7 0.85 0)
(4.8 0.85 0)
(4.9 0.85 0)
(5 0.85 0)
(5.1 0.85 0)
(5.2 0.85 0)
(5.3 0.85 0)
(5.4 0.85 0)
(5.5 0.85 0)
(5.6 0.85 0)
(5.7 0.85 0)
(5.8 0.85 0)
(5.9 0.85 0)
(6 0.85 0)
(6.1 0.85 0)
(6.2 0.85 0)
(6.3 0.85 0)
(6.4 0.85 0)
(6.5 0.85 0)
(6.6 0.85 0)
(6.7 0.85 0)
(6.8 0.85 0)
(6.9 0.85 0)
(7 0.85 0)
(7.1 0.85 0)
(7.2 0.85 0)
(7.3 0.85 0)
(7.4 0.85 0)
(7.5 0.85 0)
(7.6 0.85 0)
(7.7 0.85 0)
(7.8 0.85 0)
(7.9 0.85 0)
(8 0.85 0)
(8.1 0.85 0)
(8.2 0.85 0)
(8.3 0.85 0)
(8.4 0.85 0)
(8.5 0.85 0)
(8.6 0.85 0)
(8.7 0.85 0)
(8.8 0.85 0)
(8.9 0.85 0)
(9 0.85 0)
(9.1 0.85 0)
(9.2 0.85 0)
(9.3 0.85 0)
(9.4 0.85 0)
(9.5 0.85 0)
(9.6 0.85 0)
(9.7 0.85 0)
(9.8 0.85 0)
(9.9 0.85 0)
(10 0.85 0)
(0 0.9 0)
(0.1 0.9 0)
(0.2 0.9 0)
(0.3 0.9 0)
(0.4 0.9 0)
(0.5 0.9 0)
(0.6 0.9 0)
(0.7 0.9 0)
(0.8 0.9 0)
(0.9 0.9 0)
(1 0.9 0)
(1.1 0.9 0)
(1.2 0.9 0)
(1.3 0.9 0)
(1.4 0.9 0)
(1.5 0.9 0)
(1.6 0.9 0)
(1.7 0.9 0)
(1.8 0.9 0)
(1.9 0.9 0)
(2 0.9 0)
(2.1 0.9 0)
(2.2 0.9 0)
(2.3 0.9 0)
(2.4 0.9 0)
(2.5 0.9 0)
(2.6 0.9 0)
(2.7 0.9 0)
(2.8 0.9 0)
(2.9 0.9 0)
(3 0.9 0)
(3.1 0.9 0)
(3.2 0.9 0)
(3.3 0.9 0)
(3.4 0.9 0)
(3.5 0.9 0)
(3.6 0.9 0)
(3.7 0.9 0)
(3.8 0.9 0)
(3.9 0.9 0)
(4 0.9 0)
(4.1 0.9 0)
(4.2 0.9 0)
(4.3 0.9 0)
(4.4 0.9 0)
(4.5 0.9 0)
(4.6 0.9 0)
(4.7 0.9 0)
(4.8 0.9 0)
(4.9 0.9 0)
(5 0.9 0)
(5.1 0.9 0)
(5.2 0.9 0)
(5.3 0.9 0)
(5.4 0.9 0)
(5.5 0.9 0)
(5.6 0.9 0)
(5.7 0.9 0)
(5.8 0.9 0)
(5.9 0.9 0)
(6 0.9 0)
(6.1 0.9 0)
(6.2 0.9 0)
(6.3 0.9 0)
(6.4 0.9 0)
(6.5 0.9 0)
(6.6 0.9 0)
(6.7 0.9 0)
(6.8 0.9 0)
(6.9 0.9 0)
(7 0.9 0)
(7.1 0.9 0)
(7.2 0.9 0)
(7.3 0.9 0)
(7.4 0.9 0)
(7.5 0.9 0)
(7.6 0.9 0)
(7.7 0.9 0)
(7.8 0.9 0)
(7.9 0.9 0)
(8 0.9 0)
(8.1 0.9 0)
(8.2 0.9 0)
(8.3 0.9 0)
(8.4 0.9 0)
(8.5 0.9 0)
(8.6 0.9 0)
(8.7 0.9 0)
(8.8 0.9 0)
(8.9 0.9 0)
(9 0.9 0)
(9.1 0.9 0)
(9.2 0.9 0)
(9.3 0.9 0)
(9.4 0.9 0)
(9.5 0.9 0)
(9.6 0.9 0)
(9.7 0.9 0)
(9.8 0.9 0)
(9.9 0.9 0)
(10 0.9 0)
(0 0.95 0)
(0.1 0.95 0)
(0.2 0.95 0)
(0.3 0.95 0)
(0.4 0.95 0)
(0.5 0.95 0)
(0.6 0.95 0)
(0.7 0.95 0)
(0.8 0.95 0)
(0.9 0.95 0)
(1 0.95 0)
(1.1 0.95 0)
(1.2 0.95 0)
(1.3 0.95 0)
(1.4 0.95 0)
(1.5 0.95 0)
(1.6 0.95 0)
(1.7 0.95 0)
(1.8 0.95 0)
(1.9 0.95 0)
(2 0.95 0)
(2.1 0.95 0)
(2.2 0.95 0)
(2.3 0.95 0)
(2.4 0.95 0)
(2.5 0.95 0)
(2.6 0.95 0)
(2.7 0.95 0)
(2.8 0.95 0)
(2.9 0.95 0)
(3 0.95 0)
(3.1 0.95 0)
(3.2 0.95 0)
(3.3 0.95 0)
(3.4 0.95 0)
(3.5 0.95 0)
(3.6 0.95 0)
(3.7 0.95 0)
(3.8 0.95 0)
(3.9 0.95 0)
(4 0.95 0)
(4.1 0.95 0)
(4.2 0.95 0)
(4.3 0.95 0)
(4.4 0.95 0)
(4.5 0.95 0)
(4.6 0.95 0)
(4.7 0.95 0)
(4.8 0.95 0)
(4.9 0.95 0)
(5 0.95 0)
(5.1 0.95 0)
(5.2 0.95 0)
(5.3 0.95 0)
(5.4 0.95 0)
(5.5 0.95 0)
(5.6 0.95 0)
(5.7 0.95 0)
(5.8 0.95 0)
(5.9 0.95 0)
(6 0.95 0)
(6.1 0.95 0)
(6.2 0.95 0)
(6.3 0.95 0)
(6.4 0.95 0)
(6.5 0.95 0)
(6.6 0.95 0)
(6.7 0.95 0)
(6.8 0.95 0)
(6.9 0.95 0)
(7 0.95 0)
(7.1 0.95 0)
(7.2 0.95 0)
(7.3 0.95 0)
(7.4 0.95 0)
(7.5 0.95 0)
(7.6 0.95 0)
(7.7 0.95 0)
(7.8 0.95 0)
(7.9 0.95 0)
(8 0.95 0)
(8.1 0.95 0)
(8.2 0.95 0)
(8.3 0.95 0)
(8.4 0.95 0)
(8.5 0.95 0)
(8.6 0.95 0)
(8.7 0.95 0)
(8.8 0.95 0)
(8.9 0.95 0)
(9 0.95 0)
(9.1 0.95 0)
(9.2 0.95 0)
(9.3 0.95 0)
(9.4 0.95 0)
(9.5 0.95 0)
(9.6 0.95 0)
(9.7 0.95 0)
(9.8 0.95 0)
(9.9 0.95 0)
(10 0.95 0)
(0 1 0)
(0.1 1 0)
(0.2 1 0)
(0.3 1 0)
(0.4 1 0)
(0.5 1 0)
(0.6 1 0)
(0.7 1 0)
(0.8 1 0)
(0.9 1 0)
(1 1 0)
(1.1 1 0)
(1.2 1 0)
(1.3 1 0)
(1.4 1 0)
(1.5 1 0)
(1.6 1 0)
(1.7 1 0)
(1.8 1 0)
(1.9 1 0)
(2 1 0)
(2.1 1 0)
(2.2 1 0)
(2.3 1 0)
(2.4 1 0)
(2.5 1 0)
(2.6 1 0)
(2.7 1 0)
(2.8 1 0)
(2.9 1 0)
(3 1 0)
(3.1 1 0)
(3.2 1 0)
(3.3 1 0)
(3.4 1 0)
(3.5 1 0)
(3.6 1 0)
(3.7 1 0)
(3.8 1 0)
(3.9 1 0)
(4 1 0)
(4.1 1 0)
(4.2 1 0)
(4.3 1 0)
(4.4 1 0)
(4.5 1 0)
(4.6 1 0)
(4.7 1 0)
(4.8 1 0)
(4.9 1 0)
(5 1 0)
(5.1 1 0)
(5.2 1 0)
(5.3 1 0)
(5.4 1 0)
(5.5 1 0)
(5.6 1 0)
(5.7 1 0)
(5.8 1 0)
(5.9 1 0)
(6 1 0)
(6.1 1 0)
(6.2 1 0)
(6.3 1 0)
(6.4 1 0)
(6.5 1 0)
(6.6 1 0)
(6.7 1 0)
(6.8 1 0)
(6.9 1 0)
(7 1 0)
(7.1 1 0)
(7.2 1 0)
(7.3 1 0)
(7.4 1 0)
(7.5 1 0)
(7.6 1 0)
(7.7 1 0)
(7.8 1 0)
(7.9 1 0)
(8 1 0)
(8.1 1 0)
(8.2 1 0)
(8.3 1 0)
(8.4 1 0)
(8.5 1 0)
(8.6 1 0)
(8.7 1 0)
(8.8 1 0)
(8.9 1 0)
(9 1 0)
(9.1 1 0)
(9.2 1 0)
(9.3 1 0)
(9.4 1 0)
(9.5 1 0)
(9.6 1 0)
(9.7 1 0)
(9.8 1 0)
(9.9 1 0)
(10 1 0)
(0 0 0.1)
(0.1 0 0.1)
(0.2 0 0.1)
(0.3 0 0.1)
(0.4 0 0.1)
(0.5 0 0.1)
(0.6 0 0.1)
(0.7 0 0.1)
(0.8 0 0.1)
(0.9 0 0.1)
(1 0 0.1)
(1.1 0 0.1)
(1.2 0 0.1)
(1.3 0 0.1)
(1.4 0 0.1)
(1.5 0 0.1)
(1.6 0 0.1)
(1.7 0 0.1)
(1.8 0 0.1)
(1.9 0 0.1)
(2 0 0.1)
(2.1 0 0.1)
(2.2 0 0.1)
(2.3 0 0.1)
(2.4 0 0.1)
(2.5 0 0.1)
(2.6 0 0.1)
(2.7 0 0.1)
(2.8 0 0.1)
(2.9 0 0.1)
(3 0 0.1)
(3.1 0 0.1)
(3.2 0 0.1)
(3.3 0 0.1)
(3.4 0 0.1)
(3.5 0 0.1)
(3.6 0 0.1)
(3.7 0 0.1)
(3.8 0 0.1)
(3.9 0 0.1)
(4 0 0.1)
(4.1 0 0.1)
(4.2 0 0.1)
(4.3 0 0.1)
(4.4 0 0.1)
(4.5 0 0.1)
(4.6 0 0.1)
(4.7 0 0.1)
(4.8 0 0.1)
(4.9 0 0.1)
(5 0 0.1)
(5.1 0 0.1)
(5.2 0 0.1)
(5.3 0 0.1)
(5.4 0 0.1)
(5.5 0 0.1)
(5.6 0 0.1)
(5.7 0 0.1)
(5.8 0 0.1)
(5.9 0 0.1)
(6 0 0.1)
(6.1 0 0.1)
(6.2 0 0.1)
(6.3 0 0.1)
(6.4 0 0.1)
(6.5 0 0.1)
(6.6 0 0.1)
(6.7 0 0.1)
(6.8 0 0.1)
(6.9 0 0.1)
(7 0 0.1)
(7.1 0 0.1)
(7.2 0 0.1)
(7.3 0 0.1)
(7.4 0 0.1)
(7.5 0 0.1)
(7.6 0 0.1)
(7.7 0 0.1)
(7.8 0 0.1)
(7.9 0 0.1)
(8 0 0.1)
(8.1 0 0.1)
(8.2 0 0.1)
(8.3 0 0.1)
(8.4 0 0.1)
(8.5 0 0.1)
(8.6 0 0.1)
(8.7 0 0.1)
(8.8 0 0.1)
(8.9 0 0.1)
(9 0 0.1)
(9.1 0 0.1)
(9.2 0 0.1)
(9.3 0 0.1)
(9.4 0 0.1)
(9.5 0 0.1)
(9.6 0 0.1)
(9.7 0 0.1)
(9.8 0 0.1)
(9.9 0 0.1)
(10 0 0.1)
(0 0.05 0.1)
(0.1 0.05 0.1)
(0.2 0.05 0.1)
(0.3 0.05 0.1)
(0.4 0.05 0.1)
(0.5 0.05 0.1)
(0.6 0.05 0.1)
(0.7 0.05 0.1)
(0.8 0.05 0.1)
(0.9 0.05 0.1)
(1 0.05 0.1)
(1.1 0.05 0.1)
(1.2 0.05 0.1)
(1.3 0.05 0.1)
(1.4 0.05 0.1)
(1.5 0.05 0.1)
(1.6 0.05 0.1)
(1.7 0.05 0.1)
(1.8 0.05 0.1)
(1.9 0.05 0.1)
(2 0.05 0.1)
(2.1 0.05 0.1)
(2.2 0.05 0.1)
(2.3 0.05 0.1)
(2.4 0.05 0.1)
(2.5 0.05 0.1)
(2.6 0.05 0.1)
(2.7 0.05 0.1)
(2.8 0.05 0.1)
(2.9 0.05 0.1)
(3 0.05 0.1)
(3.1 0.05 0.1)
(3.2 0.05 0.1)
(3.3 0.05 0.1)
(3.4 0.05 0.1)
(3.5 0.05 0.1)
(3.6 0.05 0.1)
(3.7 0.05 0.1)
(3.8 0.05 0.1)
(3.9 0.05 0.1)
(4 0.05 0.1)
(4.1 0.05 0.1)
(4.2 0.05 0.1)
(4.3 0.05 0.1)
(4.4 0.05 0.1)
(4.5 0.05 0.1)
(4.6 0.05 0.1)
(4.7 0.05 0.1)
(4.8 0.05 0.1)
(4.9 0.05 0.1)
(5 0.05 0.1)
(5.1 0.05 0.1)
(5.2 0.05 0.1)
(5.3 0.05 0.1)
(5.4 0.05 0.1)
(5.5 0.05 0.1)
(5.6 0.05 0.1)
(5.7 0.05 0.1)
(5.8 0.05 0.1)
(5.9 0.05 0.1)
(6 0.05 0.1)
(6.1 0.05 0.1)
(6.2 0.05 0.1)
(6.3 0.05 0.1)
(6.4 0.05 0.1)
(6.5 0.05 0.1)
(6.6 0.05 0.1)
(6.7 0.05 0.1)
(6.8 0.05 0.1)
(6.9 0.05 0.1)
(7 0.05 0.1)
(7.1 0.05 0.1)
(7.2 0.05 0.1)
(7.3 0.05 0.1)
(7.4 0.05 0.1)
(7.5 0.05 0.1)
(7.6 0.05 0.1)
(7.7 0.05 0.1)
(7.8 0.05 0.1)
(7.9 0.05 0.1)
(8 0.05 0.1)
(8.1 0.05 0.1)
(8.2 0.05 0.1)
(8.3 0.05 0.1)
(8.4 0.05 0.1)
(8.5 0.05 0.1)
(8.6 0.05 0.1)
(8.7 0.05 0.1)
(8.8 0.05 0.1)
(8.9 0.05 0.1)
(9 0.05 0.1)
(9.1 0.05 0.1)
(9.2 0.05 0.1)
(9.3 0.05 0.1)
(9.4 0.05 0.1)
(9.5 0.05 0.1)
(9.6 0.05 0.1)
(9.7 0.05 0.1)
(9.8 0.05 0.1)
(9.9 0.05 0.1)
(10 0.05 0.1)
(0 0.1 0.1)
(0.1 0.1 0.1)
(0.2 0.1 0.1)
(0.3 0.1 0.1)
(0.4 0.1 0.1)
(0.5 0.1 0.1)
(0.6 0.1 0.1)
(0.7 0.1 0.1)
(0.8 0.1 0.1)
(0.9 0.1 0.1)
(1 0.1 0.1)
(1.1 0.1 0.1)
(1.2 0.1 0.1)
(1.3 0.1 0.1)
(1.4 0.1 0.1)
(1.5 0.1 0.1)
(1.6 0.1 0.1)
(1.7 0.1 0.1)
(1.8 0.1 0.1)
(1.9 0.1 0.1)
(2 0.1 0.1)
(2.1 0.1 0.1)
(2.2 0.1 0.1)
(2.3 0.1 0.1)
(2.4 0.1 0.1)
(2.5 0.1 0.1)
(2.6 0.1 0.1)
(2.7 0.1 0.1)
(2.8 0.1 0.1)
(2.9 0.1 0.1)
(3 0.1 0.1)
(3.1 0.1 0.1)
(3.2 0.1 0.1)
(3.3 0.1 0.1)
(3.4 0.1 0.1)
(3.5 0.1 0.1)
(3.6 0.1 0.1)
(3.7 0.1 0.1)
(3.8 0.1 0.1)
(3.9 0.1 0.1)
(4 0.1 0.1)
(4.1 0.1 0.1)
(4.2 0.1 0.1)
(4.3 0.1 0.1)
(4.4 0.1 0.1)
(4.5 0.1 0.1)
(4.6 0.1 0.1)
(4.7 0.1 0.1)
(4.8 0.1 0.1)
(4.9 0.1 0.1)
(5 0.1 0.1)
(5.1 0.1 0.1)
(5.2 0.1 0.1)
(5.3 0.1 0.1)
(5.4 0.1 0.1)
(5.5 0.1 0.1)
(5.6 0.1 0.1)
(5.7 0.1 0.1)
(5.8 0.1 0.1)
(5.9 0.1 0.1)
(6 0.1 0.1)
(6.1 0.1 0.1)
(6.2 0.1 0.1)
(6.3 0.1 0.1)
(6.4 0.1 0.1)
(6.5 0.1 0.1)
(6.6 0.1 0.1)
(6.7 0.1 0.1)
(6.8 0.1 0.1)
(6.9 0.1 0.1)
(7 0.1 0.1)
(7.1 0.1 0.1)
(7.2 0.1 0.1)
(7.3 0.1 0.1)
(7.4 0.1 0.1)
(7.5 0.1 0.1)
(7.6 0.1 0.1)
(7.7 0.1 0.1)
(7.8 0.1 0.1)
(7.9 0.1 0.1)
(8 0.1 0.1)
(8.1 0.1 0.1)
(8.2 0.1 0.1)
(8.3 0.1 0.1)
(8.4 0.1 0.1)
(8.5 0.1 0.1)
(8.6 0.1 0.1)
(8.7 0.1 0.1)
(8.8 0.1 0.1)
(8.9 0.1 0.1)
(9 0.1 0.1)
(9.1 0.1 0.1)
(9.2 0.1 0.1)
(9.3 0.1 0.1)
(9.4 0.1 0.1)
(9.5 0.1 0.1)
(9.6 0.1 0.1)
(9.7 0.1 0.1)
(9.8 0.1 0.1)
(9.9 0.1 0.1)
(10 0.1 0.1)
(0 0.15 0.1)
(0.1 0.15 0.1)
(0.2 0.15 0.1)
(0.3 0.15 0.1)
(0.4 0.15 0.1)
(0.5 0.15 0.1)
(0.6 0.15 0.1)
(0.7 0.15 0.1)
(0.8 0.15 0.1)
(0.9 0.15 0.1)
(1 0.15 0.1)
(1.1 0.15 0.1)
(1.2 0.15 0.1)
(1.3 0.15 0.1)
(1.4 0.15 0.1)
(1.5 0.15 0.1)
(1.6 0.15 0.1)
(1.7 0.15 0.1)
(1.8 0.15 0.1)
(1.9 0.15 0.1)
(2 0.15 0.1)
(2.1 0.15 0.1)
(2.2 0.15 0.1)
(2.3 0.15 0.1)
(2.4 0.15 0.1)
(2.5 0.15 0.1)
(2.6 0.15 0.1)
(2.7 0.15 0.1)
(2.8 0.15 0.1)
(2.9 0.15 0.1)
(3 0.15 0.1)
(3.1 0.15 0.1)
(3.2 0.15 0.1)
(3.3 0.15 0.1)
(3.4 0.15 0.1)
(3.5 0.15 0.1)
(3.6 0.15 0.1)
(3.7 0.15 0.1)
(3.8 0.15 0.1)
(3.9 0.15 0.1)
(4 0.15 0.1)
(4.1 0.15 0.1)
(4.2 0.15 0.1)
(4.3 0.15 0.1)
(4.4 0.15 0.1)
(4.5 0.15 0.1)
(4.6 0.15 0.1)
(4.7 0.15 0.1)
(4.8 0.15 0.1)
(4.9 0.15 0.1)
(5 0.15 0.1)
(5.1 0.15 0.1)
(5.2 0.15 0.1)
(5.3 0.15 0.1)
(5.4 0.15 0.1)
(5.5 0.15 0.1)
(5.6 0.15 0.1)
(5.7 0.15 0.1)
(5.8 0.15 0.1)
(5.9 0.15 0.1)
(6 0.15 0.1)
(6.1 0.15 0.1)
(6.2 0.15 0.1)
(6.3 0.15 0.1)
(6.4 0.15 0.1)
(6.5 0.15 0.1)
(6.6 0.15 0.1)
(6.7 0.15 0.1)
(6.8 0.15 0.1)
(6.9 0.15 0.1)
(7 0.15 0.1)
(7.1 0.15 0.1)
(7.2 0.15 0.1)
(7.3 0.15 0.1)
(7.4 0.15 0.1)
(7.5 0.15 0.1)
(7.6 0.15 0.1)
(7.7 0.15 0.1)
(7.8 0.15 0.1)
(7.9 0.15 0.1)
(8 0.15 0.1)
(8.1 0.15 0.1)
(8.2 0.15 0.1)
(8.3 0.15 0.1)
(8.4 0.15 0.1)
(8.5 0.15 0.1)
(8.6 0.15 0.1)
(8.7 0.15 0.1)
(8.8 0.15 0.1)
(8.9 0.15 0.1)
(9 0.15 0.1)
(9.1 0.15 0.1)
(9.2 0.15 0.1)
(9.3 0.15 0.1)
(9.4 0.15 0.1)
(9.5 0.15 0.1)
(9.6 0.15 0.1)
(9.7 0.15 0.1)
(9.8 0.15 0.1)
(9.9 0.15 0.1)
(10 0.15 0.1)
(0 0.2 0.1)
(0.1 0.2 0.1)
(0.2 0.2 0.1)
(0.3 0.2 0.1)
(0.4 0.2 0.1)
(0.5 0.2 0.1)
(0.6 0.2 0.1)
(0.7 0.2 0.1)
(0.8 0.2 0.1)
(0.9 0.2 0.1)
(1 0.2 0.1)
(1.1 0.2 0.1)
(1.2 0.2 0.1)
(1.3 0.2 0.1)
(1.4 0.2 0.1)
(1.5 0.2 0.1)
(1.6 0.2 0.1)
(1.7 0.2 0.1)
(1.8 0.2 0.1)
(1.9 0.2 0.1)
(2 0.2 0.1)
(2.1 0.2 0.1)
(2.2 0.2 0.1)
(2.3 0.2 0.1)
(2.4 0.2 0.1)
(2.5 0.2 0.1)
(2.6 0.2 0.1)
(2.7 0.2 0.1)
(2.8 0.2 0.1)
(2.9 0.2 0.1)
(3 0.2 0.1)
(3.1 0.2 0.1)
(3.2 0.2 0.1)
(3.3 0.2 0.1)
(3.4 0.2 0.1)
(3.5 0.2 0.1)
(3.6 0.2 0.1)
(3.7 0.2 0.1)
(3.8 0.2 0.1)
(3.9 0.2 0.1)
(4 0.2 0.1)
(4.1 0.2 0.1)
(4.2 0.2 0.1)
(4.3 0.2 0.1)
(4.4 0.2 0.1)
(4.5 0.2 0.1)
(4.6 0.2 0.1)
(4.7 0.2 0.1)
(4.8 0.2 0.1)
(4.9 0.2 0.1)
(5 0.2 0.1)
(5.1 0.2 0.1)
(5.2 0.2 0.1)
(5.3 0.2 0.1)
(5.4 0.2 0.1)
(5.5 0.2 0.1)
(5.6 0.2 0.1)
(5.7 0.2 0.1)
(5.8 0.2 0.1)
(5.9 0.2 0.1)
(6 0.2 0.1)
(6.1 0.2 0.1)
(6.2 0.2 0.1)
(6.3 0.2 0.1)
(6.4 0.2 0.1)
(6.5 0.2 0.1)
(6.6 0.2 0.1)
(6.7 0.2 0.1)
(6.8 0.2 0.1)
(6.9 0.2 0.1)
(7 0.2 0.1)
(7.1 0.2 0.1)
(7.2 0.2 0.1)
(7.3 0.2 0.1)
(7.4 0.2 0.1)
(7.5 0.2 0.1)
(7.6 0.2 0.1)
(7.7 0.2 0.1)
(7.8 0.2 0.1)
(7.9 0.2 0.1)
(8 0.2 0.1)
(8.1 0.2 0.1)
(8.2 0.2 0.1)
(8.3 0.2 0.1)
(8.4 0.2 0.1)
(8.5 0.2 0.1)
(8.6 0.2 0.1)
(8.7 0.2 0.1)
(8.8 0.2 0.1)
(8.9 0.2 0.1)
(9 0.2 0.1)
(9.1 0.2 0.1)
(9.2 0.2 0.1)
(9.3 0.2 0.1)
(9.4 0.2 0.1)
(9.5 0.2 0.1)
(9.6 0.2 0.1)
(9.7 0.2 0.1)
(9.8 0.2 0.1)
(9.9 0.2 0.1)
(10 0.2 0.1)
(0 0.25 0.1)
(0.1 0.25 0.1)
(0.2 0.25 0.1)
(0.3 0.25 0.1)
(0.4 0.25 0.1)
(0.5 0.25 0.1)
(0.6 0.25 0.1)
(0.7 0.25 0.1)
(0.8 0.25 0.1)
(0.9 0.25 0.1)
(1 0.25 0.1)
(1.1 0.25 0.1)
(1.2 0.25 0.1)
(1.3 0.25 0.1)
(1.4 0.25 0.1)
(1.5 0.25 0.1)
(1.6 0.25 0.1)
(1.7 0.25 0.1)
(1.8 0.25 0.1)
(1.9 0.25 0.1)
(2 0.25 0.1)
(2.1 0.25 0.1)
(2.2 0.25 0.1)
(2.3 0.25 0.1)
(2.4 0.25 0.1)
(2.5 0.25 0.1)
(2.6 0.25 0.1)
(2.7 0.25 0.1)
(2.8 0.25 0.1)
(2.9 0.25 0.1)
(3 0.25 0.1)
(3.1 0.25 0.1)
(3.2 0.25 0.1)
(3.3 0.25 0.1)
(3.4 0.25 0.1)
(3.5 0.25 0.1)
(3.6 0.25 0.1)
(3.7 0.25 0.1)
(3.8 0.25 0.1)
(3.9 0.25 0.1)
(4 0.25 0.1)
(4.1 0.25 0.1)
(4.2 0.25 0.1)
(4.3 0.25 0.1)
(4.4 0.25 0.1)
(4.5 0.25 0.1)
(4.6 0.25 0.1)
(4.7 0.25 0.1)
(4.8 0.25 0.1)
(4.9 0.25 0.1)
(5 0.25 0.1)
(5.1 0.25 0.1)
(5.2 0.25 0.1)
(5.3 0.25 0.1)
(5.4 0.25 0.1)
(5.5 0.25 0.1)
(5.6 0.25 0.1)
(5.7 0.25 0.1)
(5.8 0.25 0.1)
(5.9 0.25 0.1)
(6 0.25 0.1)
(6.1 0.25 0.1)
(6.2 0.25 0.1)
(6.3 0.25 0.1)
(6.4 0.25 0.1)
(6.5 0.25 0.1)
(6.6 0.25 0.1)
(6.7 0.25 0.1)
(6.8 0.25 0.1)
(6.9 0.25 0.1)
(7 0.25 0.1)
(7.1 0.25 0.1)
(7.2 0.25 0.1)
(7.3 0.25 0.1)
(7.4 0.25 0.1)
(7.5 0.25 0.1)
(7.6 0.25 0.1)
(7.7 0.25 0.1)
(7.8 0.25 0.1)
(7.9 0.25 0.1)
(8 0.25 0.1)
(8.1 0.25 0.1)
(8.2 0.25 0.1)
(8.3 0.25 0.1)
(8.4 0.25 0.1)
(8.5 0.25 0.1)
(8.6 0.25 0.1)
(8.7 0.25 0.1)
(8.8 0.25 0.1)
(8.9 0.25 0.1)
(9 0.25 0.1)
(9.1 0.25 0.1)
(9.2 0.25 0.1)
(9.3 0.25 0.1)
(9.4 0.25 0.1)
(9.5 0.25 0.1)
(9.6 0.25 0.1)
(9.7 0.25 0.1)
(9.8 0.25 0.1)
(9.9 0.25 0.1)
(10 0.25 0.1)
(0 0.3 0.1)
(0.1 0.3 0.1)
(0.2 0.3 0.1)
(0.3 0.3 0.1)
(0.4 0.3 0.1)
(0.5 0.3 0.1)
(0.6 0.3 0.1)
(0.7 0.3 0.1)
(0.8 0.3 0.1)
(0.9 0.3 0.1)
(1 0.3 0.1)
(1.1 0.3 0.1)
(1.2 0.3 0.1)
(1.3 0.3 0.1)
(1.4 0.3 0.1)
(1.5 0.3 0.1)
(1.6 0.3 0.1)
(1.7 0.3 0.1)
(1.8 0.3 0.1)
(1.9 0.3 0.1)
(2 0.3 0.1)
(2.1 0.3 0.1)
(2.2 0.3 0.1)
(2.3 0.3 0.1)
(2.4 0.3 0.1)
(2.5 0.3 0.1)
(2.6 0.3 0.1)
(2.7 0.3 0.1)
(2.8 0.3 0.1)
(2.9 0.3 0.1)
(3 0.3 0.1)
(3.1 0.3 0.1)
(3.2 0.3 0.1)
(3.3 0.3 0.1)
(3.4 0.3 0.1)
(3.5 0.3 0.1)
(3.6 0.3 0.1)
(3.7 0.3 0.1)
(3.8 0.3 0.1)
(3.9 0.3 0.1)
(4 0.3 0.1)
(4.1 0.3 0.1)
(4.2 0.3 0.1)
(4.3 0.3 0.1)
(4.4 0.3 0.1)
(4.5 0.3 0.1)
(4.6 0.3 0.1)
(4.7 0.3 0.1)
(4.8 0.3 0.1)
(4.9 0.3 0.1)
(5 0.3 0.1)
(5.1 0.3 0.1)
(5.2 0.3 0.1)
(5.3 0.3 0.1)
(5.4 0.3 0.1)
(5.5 0.3 0.1)
(5.6 0.3 0.1)
(5.7 0.3 0.1)
(5.8 0.3 0.1)
(5.9 0.3 0.1)
(6 0.3 0.1)
(6.1 0.3 0.1)
(6.2 0.3 0.1)
(6.3 0.3 0.1)
(6.4 0.3 0.1)
(6.5 0.3 0.1)
(6.6 0.3 0.1)
(6.7 0.3 0.1)
(6.8 0.3 0.1)
(6.9 0.3 0.1)
(7 0.3 0.1)
(7.1 0.3 0.1)
(7.2 0.3 0.1)
(7.3 0.3 0.1)
(7.4 0.3 0.1)
(7.5 0.3 0.1)
(7.6 0.3 0.1)
(7.7 0.3 0.1)
(7.8 0.3 0.1)
(7.9 0.3 0.1)
(8 0.3 0.1)
(8.1 0.3 0.1)
(8.2 0.3 0.1)
(8.3 0.3 0.1)
(8.4 0.3 0.1)
(8.5 0.3 0.1)
(8.6 0.3 0.1)
(8.7 0.3 0.1)
(8.8 0.3 0.1)
(8.9 0.3 0.1)
(9 0.3 0.1)
(9.1 0.3 0.1)
(9.2 0.3 0.1)
(9.3 0.3 0.1)
(9.4 0.3 0.1)
(9.5 0.3 0.1)
(9.6 0.3 0.1)
(9.7 0.3 0.1)
(9.8 0.3 0.1)
(9.9 0.3 0.1)
(10 0.3 0.1)
(0 0.35 0.1)
(0.1 0.35 0.1)
(0.2 0.35 0.1)
(0.3 0.35 0.1)
(0.4 0.35 0.1)
(0.5 0.35 0.1)
(0.6 0.35 0.1)
(0.7 0.35 0.1)
(0.8 0.35 0.1)
(0.9 0.35 0.1)
(1 0.35 0.1)
(1.1 0.35 0.1)
(1.2 0.35 0.1)
(1.3 0.35 0.1)
(1.4 0.35 0.1)
(1.5 0.35 0.1)
(1.6 0.35 0.1)
(1.7 0.35 0.1)
(1.8 0.35 0.1)
(1.9 0.35 0.1)
(2 0.35 0.1)
(2.1 0.35 0.1)
(2.2 0.35 0.1)
(2.3 0.35 0.1)
(2.4 0.35 0.1)
(2.5 0.35 0.1)
(2.6 0.35 0.1)
(2.7 0.35 0.1)
(2.8 0.35 0.1)
(2.9 0.35 0.1)
(3 0.35 0.1)
(3.1 0.35 0.1)
(3.2 0.35 0.1)
(3.3 0.35 0.1)
(3.4 0.35 0.1)
(3.5 0.35 0.1)
(3.6 0.35 0.1)
(3.7 0.35 0.1)
(3.8 0.35 0.1)
(3.9 0.35 0.1)
(4 0.35 0.1)
(4.1 0.35 0.1)
(4.2 0.35 0.1)
(4.3 0.35 0.1)
(4.4 0.35 0.1)
(4.5 0.35 0.1)
(4.6 0.35 0.1)
(4.7 0.35 0.1)
(4.8 0.35 0.1)
(4.9 0.35 0.1)
(5 0.35 0.1)
(5.1 0.35 0.1)
(5.2 0.35 0.1)
(5.3 0.35 0.1)
(5.4 0.35 0.1)
(5.5 0.35 0.1)
(5.6 0.35 0.1)
(5.7 0.35 0.1)
(5.8 0.35 0.1)
(5.9 0.35 0.1)
(6 0.35 0.1)
(6.1 0.35 0.1)
(6.2 0.35 0.1)
(6.3 0.35 0.1)
(6.4 0.35 0.1)
(6.5 0.35 0.1)
(6.6 0.35 0.1)
(6.7 0.35 0.1)
(6.8 0.35 0.1)
(6.9 0.35 0.1)
(7 0.35 0.1)
(7.1 0.35 0.1)
(7.2 0.35 0.1)
(7.3 0.35 0.1)
(7.4 0.35 0.1)
(7.5 0.35 0.1)
(7.6 0.35 0.1)
(7.7 0.35 0.1)
(7.8 0.35 0.1)
(7.9 0.35 0.1)
(8 0.35 0.1)
(8.1 0.35 0.1)
(8.2 0.35 0.1)
(8.3 0.35 0.1)
(8.4 0.35 0.1)
(8.5 0.35 0.1)
(8.6 0.35 0.1)
(8.7 0.35 0.1)
(8.8 0.35 0.1)
(8.9 0.35 0.1)
(9 0.35 0.1)
(9.1 0.35 0.1)
(9.2 0.35 0.1)
(9.3 0.35 0.1)
(9.4 0.35 0.1)
(9.5 0.35 0.1)
(9.6 0.35 0.1)
(9.7 0.35 0.1)
(9.8 0.35 0.1)
(9.9 0.35 0.1)
(10 0.35 0.1)
(0 0.4 0.1)
(0.1 0.4 0.1)
(0.2 0.4 0.1)
(0.3 0.4 0.1)
(0.4 0.4 0.1)
(0.5 0.4 0.1)
(0.6 0.4 0.1)
(0.7 0.4 0.1)
(0.8 0.4 0.1)
(0.9 0.4 0.1)
(1 0.4 0.1)
(1.1 0.4 0.1)
(1.2 0.4 0.1)
(1.3 0.4 0.1)
(1.4 0.4 0.1)
(1.5 0.4 0.1)
(1.6 0.4 0.1)
(1.7 0.4 0.1)
(1.8 0.4 0.1)
(1.9 0.4 0.1)
(2 0.4 0.1)
(2.1 0.4 0.1)
(2.2 0.4 0.1)
(2.3 0.4 0.1)
(2.4 0.4 0.1)
(2.5 0.4 0.1)
(2.6 0.4 0.1)
(2.7 0.4 0.1)
(2.8 0.4 0.1)
(2.9 0.4 0.1)
(3 0.4 0.1)
(3.1 0.4 0.1)
(3.2 0.4 0.1)
(3.3 0.4 0.1)
(3.4 0.4 0.1)
(3.5 0.4 0.1)
(3.6 0.4 0.1)
(3.7 0.4 0.1)
(3.8 0.4 0.1)
(3.9 0.4 0.1)
(4 0.4 0.1)
(4.1 0.4 0.1)
(4.2 0.4 0.1)
(4.3 0.4 0.1)
(4.4 0.4 0.1)
(4.5 0.4 0.1)
(4.6 0.4 0.1)
(4.7 0.4 0.1)
(4.8 0.4 0.1)
(4.9 0.4 0.1)
(5 0.4 0.1)
(5.1 0.4 0.1)
(5.2 0.4 0.1)
(5.3 0.4 0.1)
(5.4 0.4 0.1)
(5.5 0.4 0.1)
(5.6 0.4 0.1)
(5.7 0.4 0.1)
(5.8 0.4 0.1)
(5.9 0.4 0.1)
(6 0.4 0.1)
(6.1 0.4 0.1)
(6.2 0.4 0.1)
(6.3 0.4 0.1)
(6.4 0.4 0.1)
(6.5 0.4 0.1)
(6.6 0.4 0.1)
(6.7 0.4 0.1)
(6.8 0.4 0.1)
(6.9 0.4 0.1)
(7 0.4 0.1)
(7.1 0.4 0.1)
(7.2 0.4 0.1)
(7.3 0.4 0.1)
(7.4 0.4 0.1)
(7.5 0.4 0.1)
(7.6 0.4 0.1)
(7.7 0.4 0.1)
(7.8 0.4 0.1)
(7.9 0.4 0.1)
(8 0.4 0.1)
(8.1 0.4 0.1)
(8.2 0.4 0.1)
(8.3 0.4 0.1)
(8.4 0.4 0.1)
(8.5 0.4 0.1)
(8.6 0.4 0.1)
(8.7 0.4 0.1)
(8.8 0.4 0.1)
(8.9 0.4 0.1)
(9 0.4 0.1)
(9.1 0.4 0.1)
(9.2 0.4 0.1)
(9.3 0.4 0.1)
(9.4 0.4 0.1)
(9.5 0.4 0.1)
(9.6 0.4 0.1)
(9.7 0.4 0.1)
(9.8 0.4 0.1)
(9.9 0.4 0.1)
(10 0.4 0.1)
(0 0.45 0.1)
(0.1 0.45 0.1)
(0.2 0.45 0.1)
(0.3 0.45 0.1)
(0.4 0.45 0.1)
(0.5 0.45 0.1)
(0.6 0.45 0.1)
(0.7 0.45 0.1)
(0.8 0.45 0.1)
(0.9 0.45 0.1)
(1 0.45 0.1)
(1.1 0.45 0.1)
(1.2 0.45 0.1)
(1.3 0.45 0.1)
(1.4 0.45 0.1)
(1.5 0.45 0.1)
(1.6 0.45 0.1)
(1.7 0.45 0.1)
(1.8 0.45 0.1)
(1.9 0.45 0.1)
(2 0.45 0.1)
(2.1 0.45 0.1)
(2.2 0.45 0.1)
(2.3 0.45 0.1)
(2.4 0.45 0.1)
(2.5 0.45 0.1)
(2.6 0.45 0.1)
(2.7 0.45 0.1)
(2.8 0.45 0.1)
(2.9 0.45 0.1)
(3 0.45 0.1)
(3.1 0.45 0.1)
(3.2 0.45 0.1)
(3.3 0.45 0.1)
(3.4 0.45 0.1)
(3.5 0.45 0.1)
(3.6 0.45 0.1)
(3.7 0.45 0.1)
(3.8 0.45 0.1)
(3.9 0.45 0.1)
(4 0.45 0.1)
(4.1 0.45 0.1)
(4.2 0.45 0.1)
(4.3 0.45 0.1)
(4.4 0.45 0.1)
(4.5 0.45 0.1)
(4.6 0.45 0.1)
(4.7 0.45 0.1)
(4.8 0.45 0.1)
(4.9 0.45 0.1)
(5 0.45 0.1)
(5.1 0.45 0.1)
(5.2 0.45 0.1)
(5.3 0.45 0.1)
(5.4 0.45 0.1)
(5.5 0.45 0.1)
(5.6 0.45 0.1)
(5.7 0.45 0.1)
(5.8 0.45 0.1)
(5.9 0.45 0.1)
(6 0.45 0.1)
(6.1 0.45 0.1)
(6.2 0.45 0.1)
(6.3 0.45 0.1)
(6.4 0.45 0.1)
(6.5 0.45 0.1)
(6.6 0.45 0.1)
(6.7 0.45 0.1)
(6.8 0.45 0.1)
(6.9 0.45 0.1)
(7 0.45 0.1)
(7.1 0.45 0.1)
(7.2 0.45 0.1)
(7.3 0.45 0.1)
(7.4 0.45 0.1)
(7.5 0.45 0.1)
(7.6 0.45 0.1)
(7.7 0.45 0.1)
(7.8 0.45 0.1)
(7.9 0.45 0.1)
(8 0.45 0.1)
(8.1 0.45 0.1)
(8.2 0.45 0.1)
(8.3 0.45 0.1)
(8.4 0.45 0.1)
(8.5 0.45 0.1)
(8.6 0.45 0.1)
(8.7 0.45 0.1)
(8.8 0.45 0.1)
(8.9 0.45 0.1)
(9 0.45 0.1)
(9.1 0.45 0.1)
(9.2 0.45 0.1)
(9.3 0.45 0.1)
(9.4 0.45 0.1)
(9.5 0.45 0.1)
(9.6 0.45 0.1)
(9.7 0.45 0.1)
(9.8 0.45 0.1)
(9.9 0.45 0.1)
(10 0.45 0.1)
(0 0.5 0.1)
(0.1 0.5 0.1)
(0.2 0.5 0.1)
(0.3 0.5 0.1)
(0.4 0.5 0.1)
(0.5 0.5 0.1)
(0.6 0.5 0.1)
(0.7 0.5 0.1)
(0.8 0.5 0.1)
(0.9 0.5 0.1)
(1 0.5 0.1)
(1.1 0.5 0.1)
(1.2 0.5 0.1)
(1.3 0.5 0.1)
(1.4 0.5 0.1)
(1.5 0.5 0.1)
(1.6 0.5 0.1)
(1.7 0.5 0.1)
(1.8 0.5 0.1)
(1.9 0.5 0.1)
(2 0.5 0.1)
(2.1 0.5 0.1)
(2.2 0.5 0.1)
(2.3 0.5 0.1)
(2.4 0.5 0.1)
(2.5 0.5 0.1)
(2.6 0.5 0.1)
(2.7 0.5 0.1)
(2.8 0.5 0.1)
(2.9 0.5 0.1)
(3 0.5 0.1)
(3.1 0.5 0.1)
(3.2 0.5 0.1)
(3.3 0.5 0.1)
(3.4 0.5 0.1)
(3.5 0.5 0.1)
(3.6 0.5 0.1)
(3.7 0.5 0.1)
(3.8 0.5 0.1)
(3.9 0.5 0.1)
(4 0.5 0.1)
(4.1 0.5 0.1)
(4.2 0.5 0.1)
(4.3 0.5 0.1)
(4.4 0.5 0.1)
(4.5 0.5 0.1)
(4.6 0.5 0.1)
(4.7 0.5 0.1)
(4.8 0.5 0.1)
(4.9 0.5 0.1)
(5 0.5 0.1)
(5.1 0.5 0.1)
(5.2 0.5 0.1)
(5.3 0.5 0.1)
(5.4 0.5 0.1)
(5.5 0.5 0.1)
(5.6 0.5 0.1)
(5.7 0.5 0.1)
(5.8 0.5 0.1)
(5.9 0.5 0.1)
(6 0.5 0.1)
(6.1 0.5 0.1)
(6.2 0.5 0.1)
(6.3 0.5 0.1)
(6.4 0.5 0.1)
(6.5 0.5 0.1)
(6.6 0.5 0.1)
(6.7 0.5 0.1)
(6.8 0.5 0.1)
(6.9 0.5 0.1)
(7 0.5 0.1)
(7.1 0.5 0.1)
(7.2 0.5 0.1)
(7.3 0.5 0.1)
(7.4 0.5 0.1)
(7.5 0.5 0.1)
(7.6 0.5 0.1)
(7.7 0.5 0.1)
(7.8 0.5 0.1)
(7.9 0.5 0.1)
(8 0.5 0.1)
(8.1 0.5 0.1)
(8.2 0.5 0.1)
(8.3 0.5 0.1)
(8.4 0.5 0.1)
(8.5 0.5 0.1)
(8.6 0.5 0.1)
(8.7 0.5 0.1)
(8.8 0.5 0.1)
(8.9 0.5 0.1)
(9 0.5 0.1)
(9.1 0.5 0.1)
(9.2 0.5 0.1)
(9.3 0.5 0.1)
(9.4 0.5 0.1)
(9.5 0.5 0.1)
(9.6 0.5 0.1)
(9.7 0.5 0.1)
(9.8 0.5 0.1)
(9.9 0.5 0.1)
(10 0.5 0.1)
(0 0.55 0.1)
(0.1 0.55 0.1)
(0.2 0.55 0.1)
(0.3 0.55 0.1)
(0.4 0.55 0.1)
(0.5 0.55 0.1)
(0.6 0.55 0.1)
(0.7 0.55 0.1)
(0.8 0.55 0.1)
(0.9 0.55 0.1)
(1 0.55 0.1)
(1.1 0.55 0.1)
(1.2 0.55 0.1)
(1.3 0.55 0.1)
(1.4 0.55 0.1)
(1.5 0.55 0.1)
(1.6 0.55 0.1)
(1.7 0.55 0.1)
(1.8 0.55 0.1)
(1.9 0.55 0.1)
(2 0.55 0.1)
(2.1 0.55 0.1)
(2.2 0.55 0.1)
(2.3 0.55 0.1)
(2.4 0.55 0.1)
(2.5 0.55 0.1)
(2.6 0.55 0.1)
(2.7 0.55 0.1)
(2.8 0.55 0.1)
(2.9 0.55 0.1)
(3 0.55 0.1)
(3.1 0.55 0.1)
(3.2 0.55 0.1)
(3.3 0.55 0.1)
(3.4 0.55 0.1)
(3.5 0.55 0.1)
(3.6 0.55 0.1)
(3.7 0.55 0.1)
(3.8 0.55 0.1)
(3.9 0.55 0.1)
(4 0.55 0.1)
(4.1 0.55 0.1)
(4.2 0.55 0.1)
(4.3 0.55 0.1)
(4.4 0.55 0.1)
(4.5 0.55 0.1)
(4.6 0.55 0.1)
(4.7 0.55 0.1)
(4.8 0.55 0.1)
(4.9 0.55 0.1)
(5 0.55 0.1)
(5.1 0.55 0.1)
(5.2 0.55 0.1)
(5.3 0.55 0.1)
(5.4 0.55 0.1)
(5.5 0.55 0.1)
(5.6 0.55 0.1)
(5.7 0.55 0.1)
(5.8 0.55 0.1)
(5.9 0.55 0.1)
(6 0.55 0.1)
(6.1 0.55 0.1)
(6.2 0.55 0.1)
(6.3 0.55 0.1)
(6.4 0.55 0.1)
(6.5 0.55 0.1)
(6.6 0.55 0.1)
(6.7 0.55 0.1)
(6.8 0.55 0.1)
(6.9 0.55 0.1)
(7 0.55 0.1)
(7.1 0.55 0.1)
(7.2 0.55 0.1)
(7.3 0.55 0.1)
(7.4 0.55 0.1)
(7.5 0.55 0.1)
(7.6 0.55 0.1)
(7.7 0.55 0.1)
(7.8 0.55 0.1)
(7.9 0.55 0.1)
(8 0.55 0.1)
(8.1 0.55 0.1)
(8.2 0.55 0.1)
(8.3 0.55 0.1)
(8.4 0.55 0.1)
(8.5 0.55 0.1)
(8.6 0.55 0.1)
(8.7 0.55 0.1)
(8.8 0.55 0.1)
(8.9 0.55 0.1)
(9 0.55 0.1)
(9.1 0.55 0.1)
(9.2 0.55 0.1)
(9.3 0.55 0.1)
(9.4 0.55 0.1)
(9.5 0.55 0.1)
(9.6 0.55 0.1)
(9.7 0.55 0.1)
(9.8 0.55 0.1)
(9.9 0.55 0.1)
(10 0.55 0.1)
(0 0.6 0.1)
(0.1 0.6 0.1)
(0.2 0.6 0.1)
(0.3 0.6 0.1)
(0.4 0.6 0.1)
(0.5 0.6 0.1)
(0.6 0.6 0.1)
(0.7 0.6 0.1)
(0.8 0.6 0.1)
(0.9 0.6 0.1)
(1 0.6 0.1)
(1.1 0.6 0.1)
(1.2 0.6 0.1)
(1.3 0.6 0.1)
(1.4 0.6 0.1)
(1.5 0.6 0.1)
(1.6 0.6 0.1)
(1.7 0.6 0.1)
(1.8 0.6 0.1)
(1.9 0.6 0.1)
(2 0.6 0.1)
(2.1 0.6 0.1)
(2.2 0.6 0.1)
(2.3 0.6 0.1)
(2.4 0.6 0.1)
(2.5 0.6 0.1)
(2.6 0.6 0.1)
(2.7 0.6 0.1)
(2.8 0.6 0.1)
(2.9 0.6 0.1)
(3 0.6 0.1)
(3.1 0.6 0.1)
(3.2 0.6 0.1)
(3.3 0.6 0.1)
(3.4 0.6 0.1)
(3.5 0.6 0.1)
(3.6 0.6 0.1)
(3.7 0.6 0.1)
(3.8 0.6 0.1)
(3.9 0.6 0.1)
(4 0.6 0.1)
(4.1 0.6 0.1)
(4.2 0.6 0.1)
(4.3 0.6 0.1)
(4.4 0.6 0.1)
(4.5 0.6 0.1)
(4.6 0.6 0.1)
(4.7 0.6 0.1)
(4.8 0.6 0.1)
(4.9 0.6 0.1)
(5 0.6 0.1)
(5.1 0.6 0.1)
(5.2 0.6 0.1)
(5.3 0.6 0.1)
(5.4 0.6 0.1)
(5.5 0.6 0.1)
(5.6 0.6 0.1)
(5.7 0.6 0.1)
(5.8 0.6 0.1)
(5.9 0.6 0.1)
(6 0.6 0.1)
(6.1 0.6 0.1)
(6.2 0.6 0.1)
(6.3 0.6 0.1)
(6.4 0.6 0.1)
(6.5 0.6 0.1)
(6.6 0.6 0.1)
(6.7 0.6 0.1)
(6.8 0.6 0.1)
(6.9 0.6 0.1)
(7 0.6 0.1)
(7.1 0.6 0.1)
(7.2 0.6 0.1)
(7.3 0.6 0.1)
(7.4 0.6 0.1)
(7.5 0.6 0.1)
(7.6 0.6 0.1)
(7.7 0.6 0.1)
(7.8 0.6 0.1)
(7.9 0.6 0.1)
(8 0.6 0.1)
(8.1 0.6 0.1)
(8.2 0.6 0.1)
(8.3 0.6 0.1)
(8.4 0.6 0.1)
(8.5 0.6 0.1)
(8.6 0.6 0.1)
(8.7 0.6 0.1)
(8.8 0.6 0.1)
(8.9 0.6 0.1)
(9 0.6 0.1)
(9.1 0.6 0.1)
(9.2 0.6 0.1)
(9.3 0.6 0.1)
(9.4 0.6 0.1)
(9.5 0.6 0.1)
(9.6 0.6 0.1)
(9.7 0.6 0.1)
(9.8 0.6 0.1)
(9.9 0.6 0.1)
(10 0.6 0.1)
(0 0.65 0.1)
(0.1 0.65 0.1)
(0.2 0.65 0.1)
(0.3 0.65 0.1)
(0.4 0.65 0.1)
(0.5 0.65 0.1)
(0.6 0.65 0.1)
(0.7 0.65 0.1)
(0.8 0.65 0.1)
(0.9 0.65 0.1)
(1 0.65 0.1)
(1.1 0.65 0.1)
(1.2 0.65 0.1)
(1.3 0.65 0.1)
(1.4 0.65 0.1)
(1.5 0.65 0.1)
(1.6 0.65 0.1)
(1.7 0.65 0.1)
(1.8 0.65 0.1)
(1.9 0.65 0.1)
(2 0.65 0.1)
(2.1 0.65 0.1)
(2.2 0.65 0.1)
(2.3 0.65 0.1)
(2.4 0.65 0.1)
(2.5 0.65 0.1)
(2.6 0.65 0.1)
(2.7 0.65 0.1)
(2.8 0.65 0.1)
(2.9 0.65 0.1)
(3 0.65 0.1)
(3.1 0.65 0.1)
(3.2 0.65 0.1)
(3.3 0.65 0.1)
(3.4 0.65 0.1)
(3.5 0.65 0.1)
(3.6 0.65 0.1)
(3.7 0.65 0.1)
(3.8 0.65 0.1)
(3.9 0.65 0.1)
(4 0.65 0.1)
(4.1 0.65 0.1)
(4.2 0.65 0.1)
(4.3 0.65 0.1)
(4.4 0.65 0.1)
(4.5 0.65 0.1)
(4.6 0.65 0.1)
(4.7 0.65 0.1)
(4.8 0.65 0.1)
(4.9 0.65 0.1)
(5 0.65 0.1)
(5.1 0.65 0.1)
(5.2 0.65 0.1)
(5.3 0.65 0.1)
(5.4 0.65 0.1)
(5.5 0.65 0.1)
(5.6 0.65 0.1)
(5.7 0.65 0.1)
(5.8 0.65 0.1)
(5.9 0.65 0.1)
(6 0.65 0.1)
(6.1 0.65 0.1)
(6.2 0.65 0.1)
(6.3 0.65 0.1)
(6.4 0.65 0.1)
(6.5 0.65 0.1)
(6.6 0.65 0.1)
(6.7 0.65 0.1)
(6.8 0.65 0.1)
(6.9 0.65 0.1)
(7 0.65 0.1)
(7.1 0.65 0.1)
(7.2 0.65 0.1)
(7.3 0.65 0.1)
(7.4 0.65 0.1)
(7.5 0.65 0.1)
(7.6 0.65 0.1)
(7.7 0.65 0.1)
(7.8 0.65 0.1)
(7.9 0.65 0.1)
(8 0.65 0.1)
(8.1 0.65 0.1)
(8.2 0.65 0.1)
(8.3 0.65 0.1)
(8.4 0.65 0.1)
(8.5 0.65 0.1)
(8.6 0.65 0.1)
(8.7 0.65 0.1)
(8.8 0.65 0.1)
(8.9 0.65 0.1)
(9 0.65 0.1)
(9.1 0.65 0.1)
(9.2 0.65 0.1)
(9.3 0.65 0.1)
(9.4 0.65 0.1)
(9.5 0.65 0.1)
(9.6 0.65 0.1)
(9.7 0.65 0.1)
(9.8 0.65 0.1)
(9.9 0.65 0.1)
(10 0.65 0.1)
(0 0.7 0.1)
(0.1 0.7 0.1)
(0.2 0.7 0.1)
(0.3 0.7 0.1)
(0.4 0.7 0.1)
(0.5 0.7 0.1)
(0.6 0.7 0.1)
(0.7 0.7 0.1)
(0.8 0.7 0.1)
(0.9 0.7 0.1)
(1 0.7 0.1)
(1.1 0.7 0.1)
(1.2 0.7 0.1)
(1.3 0.7 0.1)
(1.4 0.7 0.1)
(1.5 0.7 0.1)
(1.6 0.7 0.1)
(1.7 0.7 0.1)
(1.8 0.7 0.1)
(1.9 0.7 0.1)
(2 0.7 0.1)
(2.1 0.7 0.1)
(2.2 0.7 0.1)
(2.3 0.7 0.1)
(2.4 0.7 0.1)
(2.5 0.7 0.1)
(2.6 0.7 0.1)
(2.7 0.7 0.1)
(2.8 0.7 0.1)
(2.9 0.7 0.1)
(3 0.7 0.1)
(3.1 0.7 0.1)
(3.2 0.7 0.1)
(3.3 0.7 0.1)
(3.4 0.7 0.1)
(3.5 0.7 0.1)
(3.6 0.7 0.1)
(3.7 0.7 0.1)
(3.8 0.7 0.1)
(3.9 0.7 0.1)
(4 0.7 0.1)
(4.1 0.7 0.1)
(4.2 0.7 0.1)
(4.3 0.7 0.1)
(4.4 0.7 0.1)
(4.5 0.7 0.1)
(4.6 0.7 0.1)
(4.7 0.7 0.1)
(4.8 0.7 0.1)
(4.9 0.7 0.1)
(5 0.7 0.1)
(5.1 0.7 0.1)
(5.2 0.7 0.1)
(5.3 0.7 0.1)
(5.4 0.7 0.1)
(5.5 0.7 0.1)
(5.6 0.7 0.1)
(5.7 0.7 0.1)
(5.8 0.7 0.1)
(5.9 0.7 0.1)
(6 0.7 0.1)
(6.1 0.7 0.1)
(6.2 0.7 0.1)
(6.3 0.7 0.1)
(6.4 0.7 0.1)
(6.5 0.7 0.1)
(6.6 0.7 0.1)
(6.7 0.7 0.1)
(6.8 0.7 0.1)
(6.9 0.7 0.1)
(7 0.7 0.1)
(7.1 0.7 0.1)
(7.2 0.7 0.1)
(7.3 0.7 0.1)
(7.4 0.7 0.1)
(7.5 0.7 0.1)
(7.6 0.7 0.1)
(7.7 0.7 0.1)
(7.8 0.7 0.1)
(7.9 0.7 0.1)
(8 0.7 0.1)
(8.1 0.7 0.1)
(8.2 0.7 0.1)
(8.3 0.7 0.1)
(8.4 0.7 0.1)
(8.5 0.7 0.1)
(8.6 0.7 0.1)
(8.7 0.7 0.1)
(8.8 0.7 0.1)
(8.9 0.7 0.1)
(9 0.7 0.1)
(9.1 0.7 0.1)
(9.2 0.7 0.1)
(9.3 0.7 0.1)
(9.4 0.7 0.1)
(9.5 0.7 0.1)
(9.6 0.7 0.1)
(9.7 0.7 0.1)
(9.8 0.7 0.1)
(9.9 0.7 0.1)
(10 0.7 0.1)
(0 0.75 0.1)
(0.1 0.75 0.1)
(0.2 0.75 0.1)
(0.3 0.75 0.1)
(0.4 0.75 0.1)
(0.5 0.75 0.1)
(0.6 0.75 0.1)
(0.7 0.75 0.1)
(0.8 0.75 0.1)
(0.9 0.75 0.1)
(1 0.75 0.1)
(1.1 0.75 0.1)
(1.2 0.75 0.1)
(1.3 0.75 0.1)
(1.4 0.75 0.1)
(1.5 0.75 0.1)
(1.6 0.75 0.1)
(1.7 0.75 0.1)
(1.8 0.75 0.1)
(1.9 0.75 0.1)
(2 0.75 0.1)
(2.1 0.75 0.1)
(2.2 0.75 0.1)
(2.3 0.75 0.1)
(2.4 0.75 0.1)
(2.5 0.75 0.1)
(2.6 0.75 0.1)
(2.7 0.75 0.1)
(2.8 0.75 0.1)
(2.9 0.75 0.1)
(3 0.75 0.1)
(3.1 0.75 0.1)
(3.2 0.75 0.1)
(3.3 0.75 0.1)
(3.4 0.75 0.1)
(3.5 0.75 0.1)
(3.6 0.75 0.1)
(3.7 0.75 0.1)
(3.8 0.75 0.1)
(3.9 0.75 0.1)
(4 0.75 0.1)
(4.1 0.75 0.1)
(4.2 0.75 0.1)
(4.3 0.75 0.1)
(4.4 0.75 0.1)
(4.5 0.75 0.1)
(4.6 0.75 0.1)
(4.7 0.75 0.1)
(4.8 0.75 0.1)
(4.9 0.75 0.1)
(5 0.75 0.1)
(5.1 0.75 0.1)
(5.2 0.75 0.1)
(5.3 0.75 0.1)
(5.4 0.75 0.1)
(5.5 0.75 0.1)
(5.6 0.75 0.1)
(5.7 0.75 0.1)
(5.8 0.75 0.1)
(5.9 0.75 0.1)
(6 0.75 0.1)
(6.1 0.75 0.1)
(6.2 0.75 0.1)
(6.3 0.75 0.1)
(6.4 0.75 0.1)
(6.5 0.75 0.1)
(6.6 0.75 0.1)
(6.7 0.75 0.1)
(6.8 0.75 0.1)
(6.9 0.75 0.1)
(7 0.75 0.1)
(7.1 0.75 0.1)
(7.2 0.75 0.1)
(7.3 0.75 0.1)
(7.4 0.75 0.1)
(7.5 0.75 0.1)
(7.6 0.75 0.1)
(7.7 0.75 0.1)
(7.8 0.75 0.1)
(7.9 0.75 0.1)
(8 0.75 0.1)
(8.1 0.75 0.1)
(8.2 0.75 0.1)
(8.3 0.75 0.1)
(8.4 0.75 0.1)
(8.5 0.75 0.1)
(8.6 0.75 0.1)
(8.7 0.75 0.1)
(8.8 0.75 0.1)
(8.9 0.75 0.1)
(9 0.75 0.1)
(9.1 0.75 0.1)
(9.2 0.75 0.1)
(9.3 0.75 0.1)
(9.4 0.75 0.1)
(9.5 0.75 0.1)
(9.6 0.75 0.1)
(9.7 0.75 0.1)
(9.8 0.75 0.1)
(9.9 0.75 0.1)
(10 0.75 0.1)
(0 0.8 0.1)
(0.1 0.8 0.1)
(0.2 0.8 0.1)
(0.3 0.8 0.1)
(0.4 0.8 0.1)
(0.5 0.8 0.1)
(0.6 0.8 0.1)
(0.7 0.8 0.1)
(0.8 0.8 0.1)
(0.9 0.8 0.1)
(1 0.8 0.1)
(1.1 0.8 0.1)
(1.2 0.8 0.1)
(1.3 0.8 0.1)
(1.4 0.8 0.1)
(1.5 0.8 0.1)
(1.6 0.8 0.1)
(1.7 0.8 0.1)
(1.8 0.8 0.1)
(1.9 0.8 0.1)
(2 0.8 0.1)
(2.1 0.8 0.1)
(2.2 0.8 0.1)
(2.3 0.8 0.1)
(2.4 0.8 0.1)
(2.5 0.8 0.1)
(2.6 0.8 0.1)
(2.7 0.8 0.1)
(2.8 0.8 0.1)
(2.9 0.8 0.1)
(3 0.8 0.1)
(3.1 0.8 0.1)
(3.2 0.8 0.1)
(3.3 0.8 0.1)
(3.4 0.8 0.1)
(3.5 0.8 0.1)
(3.6 0.8 0.1)
(3.7 0.8 0.1)
(3.8 0.8 0.1)
(3.9 0.8 0.1)
(4 0.8 0.1)
(4.1 0.8 0.1)
(4.2 0.8 0.1)
(4.3 0.8 0.1)
(4.4 0.8 0.1)
(4.5 0.8 0.1)
(4.6 0.8 0.1)
(4.7 0.8 0.1)
(4.8 0.8 0.1)
(4.9 0.8 0.1)
(5 0.8 0.1)
(5.1 0.8 0.1)
(5.2 0.8 0.1)
(5.3 0.8 0.1)
(5.4 0.8 0.1)
(5.5 0.8 0.1)
(5.6 0.8 0.1)
(5.7 0.8 0.1)
(5.8 0.8 0.1)
(5.9 0.8 0.1)
(6 0.8 0.1)
(6.1 0.8 0.1)
(6.2 0.8 0.1)
(6.3 0.8 0.1)
(6.4 0.8 0.1)
(6.5 0.8 0.1)
(6.6 0.8 0.1)
(6.7 0.8 0.1)
(6.8 0.8 0.1)
(6.9 0.8 0.1)
(7 0.8 0.1)
(7.1 0.8 0.1)
(7.2 0.8 0.1)
(7.3 0.8 0.1)
(7.4 0.8 0.1)
(7.5 0.8 0.1)
(7.6 0.8 0.1)
(7.7 0.8 0.1)
(7.8 0.8 0.1)
(7.9 0.8 0.1)
(8 0.8 0.1)
(8.1 0.8 0.1)
(8.2 0.8 0.1)
(8.3 0.8 0.1)
(8.4 0.8 0.1)
(8.5 0.8 0.1)
(8.6 0.8 0.1)
(8.7 0.8 0.1)
(8.8 0.8 0.1)
(8.9 0.8 0.1)
(9 0.8 0.1)
(9.1 0.8 0.1)
(9.2 0.8 0.1)
(9.3 0.8 0.1)
(9.4 0.8 0.1)
(9.5 0.8 0.1)
(9.6 0.8 0.1)
(9.7 0.8 0.1)
(9.8 0.8 0.1)
(9.9 0.8 0.1)
(10 0.8 0.1)
(0 0.85 0.1)
(0.1 0.85 0.1)
(0.2 0.85 0.1)
(0.3 0.85 0.1)
(0.4 0.85 0.1)
(0.5 0.85 0.1)
(0.6 0.85 0.1)
(0.7 0.85 0.1)
(0.8 0.85 0.1)
(0.9 0.85 0.1)
(1 0.85 0.1)
(1.1 0.85 0.1)
(1.2 0.85 0.1)
(1.3 0.85 0.1)
(1.4 0.85 0.1)
(1.5 0.85 0.1)
(1.6 0.85 0.1)
(1.7 0.85 0.1)
(1.8 0.85 0.1)
(1.9 0.85 0.1)
(2 0.85 0.1)
(2.1 0.85 0.1)
(2.2 0.85 0.1)
(2.3 0.85 0.1)
(2.4 0.85 0.1)
(2.5 0.85 0.1)
(2.6 0.85 0.1)
(2.7 0.85 0.1)
(2.8 0.85 0.1)
(2.9 0.85 0.1)
(3 0.85 0.1)
(3.1 0.85 0.1)
(3.2 0.85 0.1)
(3.3 0.85 0.1)
(3.4 0.85 0.1)
(3.5 0.85 0.1)
(3.6 0.85 0.1)
(3.7 0.85 0.1)
(3.8 0.85 0.1)
(3.9 0.85 0.1)
(4 0.85 0.1)
(4.1 0.85 0.1)
(4.2 0.85 0.1)
(4.3 0.85 0.1)
(4.4 0.85 0.1)
(4.5 0.85 0.1)
(4.6 0.85 0.1)
(4.7 0.85 0.1)
(4.8 0.85 0.1)
(4.9 0.85 0.1)
(5 0.85 0.1)
(5.1 0.85 0.1)
(5.2 0.85 0.1)
(5.3 0.85 0.1)
(5.4 0.85 0.1)
(5.5 0.85 0.1)
(5.6 0.85 0.1)
(5.7 0.85 0.1)
(5.8 0.85 0.1)
(5.9 0.85 0.1)
(6 0.85 0.1)
(6.1 0.85 0.1)
(6.2 0.85 0.1)
(6.3 0.85 0.1)
(6.4 0.85 0.1)
(6.5 0.85 0.1)
(6.6 0.85 0.1)
(6.7 0.85 0.1)
(6.8 0.85 0.1)
(6.9 0.85 0.1)
(7 0.85 0.1)
(7.1 0.85 0.1)
(7.2 0.85 0.1)
(7.3 0.85 0.1)
(7.4 0.85 0.1)
(7.5 0.85 0.1)
(7.6 0.85 0.1)
(7.7 0.85 0.1)
(7.8 0.85 0.1)
(7.9 0.85 0.1)
(8 0.85 0.1)
(8.1 0.85 0.1)
(8.2 0.85 0.1)
(8.3 0.85 0.1)
(8.4 0.85 0.1)
(8.5 0.85 0.1)
(8.6 0.85 0.1)
(8.7 0.85 0.1)
(8.8 0.85 0.1)
(8.9 0.85 0.1)
(9 0.85 0.1)
(9.1 0.85 0.1)
(9.2 0.85 0.1)
(9.3 0.85 0.1)
(9.4 0.85 0.1)
(9.5 0.85 0.1)
(9.6 0.85 0.1)
(9.7 0.85 0.1)
(9.8 0.85 0.1)
(9.9 0.85 0.1)
(10 0.85 0.1)
(0 0.9 0.1)
(0.1 0.9 0.1)
(0.2 0.9 0.1)
(0.3 0.9 0.1)
(0.4 0.9 0.1)
(0.5 0.9 0.1)
(0.6 0.9 0.1)
(0.7 0.9 0.1)
(0.8 0.9 0.1)
(0.9 0.9 0.1)
(1 0.9 0.1)
(1.1 0.9 0.1)
(1.2 0.9 0.1)
(1.3 0.9 0.1)
(1.4 0.9 0.1)
(1.5 0.9 0.1)
(1.6 0.9 0.1)
(1.7 0.9 0.1)
(1.8 0.9 0.1)
(1.9 0.9 0.1)
(2 0.9 0.1)
(2.1 0.9 0.1)
(2.2 0.9 0.1)
(2.3 0.9 0.1)
(2.4 0.9 0.1)
(2.5 0.9 0.1)
(2.6 0.9 0.1)
(2.7 0.9 0.1)
(2.8 0.9 0.1)
(2.9 0.9 0.1)
(3 0.9 0.1)
(3.1 0.9 0.1)
(3.2 0.9 0.1)
(3.3 0.9 0.1)
(3.4 0.9 0.1)
(3.5 0.9 0.1)
(3.6 0.9 0.1)
(3.7 0.9 0.1)
(3.8 0.9 0.1)
(3.9 0.9 0.1)
(4 0.9 0.1)
(4.1 0.9 0.1)
(4.2 0.9 0.1)
(4.3 0.9 0.1)
(4.4 0.9 0.1)
(4.5 0.9 0.1)
(4.6 0.9 0.1)
(4.7 0.9 0.1)
(4.8 0.9 0.1)
(4.9 0.9 0.1)
(5 0.9 0.1)
(5.1 0.9 0.1)
(5.2 0.9 0.1)
(5.3 0.9 0.1)
(5.4 0.9 0.1)
(5.5 0.9 0.1)
(5.6 0.9 0.1)
(5.7 0.9 0.1)
(5.8 0.9 0.1)
(5.9 0.9 0.1)
(6 0.9 0.1)
(6.1 0.9 0.1)
(6.2 0.9 0.1)
(6.3 0.9 0.1)
(6.4 0.9 0.1)
(6.5 0.9 0.1)
(6.6 0.9 0.1)
(6.7 0.9 0.1)
(6.8 0.9 0.1)
(6.9 0.9 0.1)
(7 0.9 0.1)
(7.1 0.9 0.1)
(7.2 0.9 0.1)
(7.3 0.9 0.1)
(7.4 0.9 0.1)
(7.5 0.9 0.1)
(7.6 0.9 0.1)
(7.7 0.9 0.1)
(7.8 0.9 0.1)
(7.9 0.9 0.1)
(8 0.9 0.1)
(8.1 0.9 0.1)
(8.2 0.9 0.1)
(8.3 0.9 0.1)
(8.4 0.9 0.1)
(8.5 0.9 0.1)
(8.6 0.9 0.1)
(8.7 0.9 0.1)
(8.8 0.9 0.1)
(8.9 0.9 0.1)
(9 0.9 0.1)
(9.1 0.9 0.1)
(9.2 0.9 0.1)
(9.3 0.9 0.1)
(9.4 0.9 0.1)
(9.5 0.9 0.1)
(9.6 0.9 0.1)
(9.7 0.9 0.1)
(9.8 0.9 0.1)
(9.9 0.9 0.1)
(10 0.9 0.1)
(0 0.95 0.1)
(0.1 0.95 0.1)
(0.2 0.95 0.1)
(0.3 0.95 0.1)
(0.4 0.95 0.1)
(0.5 0.95 0.1)
(0.6 0.95 0.1)
(0.7 0.95 0.1)
(0.8 0.95 0.1)
(0.9 0.95 0.1)
(1 0.95 0.1)
(1.1 0.95 0.1)
(1.2 0.95 0.1)
(1.3 0.95 0.1)
(1.4 0.95 0.1)
(1.5 0.95 0.1)
(1.6 0.95 0.1)
(1.7 0.95 0.1)
(1.8 0.95 0.1)
(1.9 0.95 0.1)
(2 0.95 0.1)
(2.1 0.95 0.1)
(2.2 0.95 0.1)
(2.3 0.95 0.1)
(2.4 0.95 0.1)
(2.5 0.95 0.1)
(2.6 0.95 0.1)
(2.7 0.95 0.1)
(2.8 0.95 0.1)
(2.9 0.95 0.1)
(3 0.95 0.1)
(3.1 0.95 0.1)
(3.2 0.95 0.1)
(3.3 0.95 0.1)
(3.4 0.95 0.1)
(3.5 0.95 0.1)
(3.6 0.95 0.1)
(3.7 0.95 0.1)
(3.8 0.95 0.1)
(3.9 0.95 0.1)
(4 0.95 0.1)
(4.1 0.95 0.1)
(4.2 0.95 0.1)
(4.3 0.95 0.1)
(4.4 0.95 0.1)
(4.5 0.95 0.1)
(4.6 0.95 0.1)
(4.7 0.95 0.1)
(4.8 0.95 0.1)
(4.9 0.95 0.1)
(5 0.95 0.1)
(5.1 0.95 0.1)
(5.2 0.95 0.1)
(5.3 0.95 0.1)
(5.4 0.95 0.1)
(5.5 0.95 0.1)
(5.6 0.95 0.1)
(5.7 0.95 0.1)
(5.8 0.95 0.1)
(5.9 0.95 0.1)
(6 0.95 0.1)
(6.1 0.95 0.1)
(6.2 0.95 0.1)
(6.3 0.95 0.1)
(6.4 0.95 0.1)
(6.5 0.95 0.1)
(6.6 0.95 0.1)
(6.7 0.95 0.1)
(6.8 0.95 0.1)
(6.9 0.95 0.1)
(7 0.95 0.1)
(7.1 0.95 0.1)
(7.2 0.95 0.1)
(7.3 0.95 0.1)
(7.4 0.95 0.1)
(7.5 0.95 0.1)
(7.6 0.95 0.1)
(7.7 0.95 0.1)
(7.8 0.95 0.1)
(7.9 0.95 0.1)
(8 0.95 0.1)
(8.1 0.95 0.1)
(8.2 0.95 0.1)
(8.3 0.95 0.1)
(8.4 0.95 0.1)
(8.5 0.95 0.1)
(8.6 0.95 0.1)
(8.7 0.95 0.1)
(8.8 0.95 0.1)
(8.9 0.95 0.1)
(9 0.95 0.1)
(9.1 0.95 0.1)
(9.2 0.95 0.1)
(9.3 0.95 0.1)
(9.4 0.95 0.1)
(9.5 0.95 0.1)
(9.6 0.95 0.1)
(9.7 0.95 0.1)
(9.8 0.95 0.1)
(9.9 0.95 0.1)
(10 0.95 0.1)
(0 1 0.1)
(0.1 1 0.1)
(0.2 1 0.1)
(0.3 1 0.1)
(0.4 1 0.1)
(0.5 1 0.1)
(0.6 1 0.1)
(0.7 1 0.1)
(0.8 1 0.1)
(0.9 1 0.1)
(1 1 0.1)
(1.1 1 0.1)
(1.2 1 0.1)
(1.3 1 0.1)
(1.4 1 0.1)
(1.5 1 0.1)
(1.6 1 0.1)
(1.7 1 0.1)
(1.8 1 0.1)
(1.9 1 0.1)
(2 1 0.1)
(2.1 1 0.1)
(2.2 1 0.1)
(2.3 1 0.1)
(2.4 1 0.1)
(2.5 1 0.1)
(2.6 1 0.1)
(2.7 1 0.1)
(2.8 1 0.1)
(2.9 1 0.1)
(3 1 0.1)
(3.1 1 0.1)
(3.2 1 0.1)
(3.3 1 0.1)
(3.4 1 0.1)
(3.5 1 0.1)
(3.6 1 0.1)
(3.7 1 0.1)
(3.8 1 0.1)
(3.9 1 0.1)
(4 1 0.1)
(4.1 1 0.1)
(4.2 1 0.1)
(4.3 1 0.1)
(4.4 1 0.1)
(4.5 1 0.1)
(4.6 1 0.1)
(4.7 1 0.1)
(4.8 1 0.1)
(4.9 1 0.1)
(5 1 0.1)
(5.1 1 0.1)
(5.2 1 0.1)
(5.3 1 0.1)
(5.4 1 0.1)
(5.5 1 0.1)
(5.6 1 0.1)
(5.7 1 0.1)
(5.8 1 0.1)
(5.9 1 0.1)
(6 1 0.1)
(6.1 1 0.1)
(6.2 1 0.1)
(6.3 1 0.1)
(6.4 1 0.1)
(6.5 1 0.1)
(6.6 1 0.1)
(6.7 1 0.1)
(6.8 1 0.1)
(6.9 1 0.1)
(7 1 0.1)
(7.1 1 0.1)
(7.2 1 0.1)
(7.3 1 0.1)
(7.4 1 0.1)
(7.5 1 0.1)
(7.6 1 0.1)
(7.7 1 0.1)
(7.8 1 0.1)
(7.9 1 0.1)
(8 1 0.1)
(8.1 1 0.1)
(8.2 1 0.1)
(8.3 1 0.1)
(8.4 1 0.1)
(8.5 1 0.1)
(8.6 1 0.1)
(8.7 1 0.1)
(8.8 1 0.1)
(8.9 1 0.1)
(9 1 0.1)
(9.1 1 0.1)
(9.2 1 0.1)
(9.3 1 0.1)
(9.4 1 0.1)
(9.5 1 0.1)
(9.6 1 0.1)
(9.7 1 0.1)
(9.8 1 0.1)
(9.9 1 0.1)
(10 1 0.1)
)


// ************************************************************************* //
